# exposure_start_timestamp_us, exposure_end_timestamp_us
51832500081, 51832500760
51832550094, 51832550762
51832600088, 51832600746
51832650101, 51832650753
51832700094, 51832700736
51832750091, 51832750727
51832800109, 51832800734
51832850102, 51832850722
51832900099, 51832900708
51832950112, 51832950716
51833000046, 51833000645
51833050071, 51833050664
51833100080, 51833100668
51833150093, 51833150676
51833200083, 51833200660
51833250080, 51833250652
51833300077, 51833300644
51833350098, 51833350665
51833400092, 51833400659
51833450101, 51833450668
51833500086, 51833500653
51833550099, 51833550666
51833600097, 51833600664
51833650094, 51833650661
51833700091, 51833700652
51833750108, 51833750664
51833800102, 51833800653
51833850095, 51833850646
51833900092, 51833900643
51833950113, 51833950664
51834000047, 51834000592
51834050096, 51834050636
51834100073, 51834100608
51834150090, 51834150625
51834200088, 51834200617
51834250085, 51834250609
51834300082, 51834300601
51834350095, 51834350608
51834400089, 51834400597
51834450090, 51834450593
51834500103, 51834500600
51834550096, 51834550588
51834600090, 51834600576
51834650103, 51834650584
51834700096, 51834700572
51834750093, 51834750563
51834800091, 51834800556
51834850108, 51834850568
51834900101, 51834900555
51834950114, 51834950563
51835000044, 51835000488
51835050073, 51835050511
51835100082, 51835100515
51835150091, 51835150519
51835200088, 51835200510
51835250078, 51835250495
51835300095, 51835300507
51835350088, 51835350494
51835400085, 51835400486
51835450082, 51835450478
51835500100, 51835500496
51835550089, 51835550479
51835600086, 51835600471
51835650103, 51835650488
51835700096, 51835700476
51835750094, 51835750474
51835800107, 51835800481
51835850100, 51835850469
51835900097, 51835900466
51835950090, 51835950454
51836000044, 51836000408
51836050069, 51836050427
51836100070, 51836100428
51836150083, 51836150436
51836200081, 51836200434
51836250078, 51836250431
51836300075, 51836300422
51836350096, 51836350443
51836400086, 51836400433
51836450079, 51836450426
51836500100, 51836500447
51836550097, 51836550444
51836600095, 51836600442
51836650088, 51836650430
51836700101, 51836700443
51836750098, 51836750440
51836800092, 51836800429
51836850089, 51836850426
51836900106, 51836900443
51836950095, 51836950432
51837000045, 51837000382
51837050074, 51837050411
51837100079, 51837100416
51837150092, 51837150429
51837200090, 51837200427
51837250079, 51837250416
51837300076, 51837300413
51837350097, 51837350434
51837400095, 51837400437
51837450100, 51837450442
51837500093, 51837500435
51837550102, 51837550449
51837600100, 51837600447
51837650093, 51837650440
51837700090, 51837700437
51837750087, 51837750440
51837800105, 51837800463
51837850098, 51837850456
51837900091, 51837900455
51837950112, 51837950476
51838000046, 51838000415
51838050095, 51838050464
51838100072, 51838100446
51838150085, 51838150465
51838200083, 51838200463
51838250080, 51838250465
51838300077, 51838300462
51838350098, 51838350488
51838400088, 51838400478
51838450085, 51838450481
51838500094, 51838500490
51838550099, 51838550500
51838600097, 51838600503
51838650090, 51838650502
51838700103, 51838700515
51838750100, 51838750517
51838800098, 51838800520
51838850091, 51838850513
51838900112, 51838900540
51838950105, 51838950533
51839000043, 51839000476
51839050076, 51839050509
51839100085, 51839100523
51839150074, 51839150512
51839200092, 51839200530
51839250085, 51839250529
51839300074, 51839300523
51839350095, 51839350549
51839400093, 51839400547
51839450086, 51839450540
51839500083, 51839500543
51839550100, 51839550565
51839600094, 51839600559
51839650087, 51839650557
51839700084, 51839700554
51839750105, 51839750575
51839800103, 51839800573
51839850092, 51839850568
51839900089, 51839900570
51839950106, 51839950587
51840000044, 51840000530
51840050073, 51840050559
51840100078, 51840100564
51840150087, 51840150573
51840200085, 51840200577
51840250082, 51840250579
51840300075, 51840300578
51840350096, 51840350599
51840400094, 51840400602
51840450091, 51840450599
51840500084, 51840500592
51840550101, 51840550609
51840600099, 51840600612
51840650096, 51840650609
51840700093, 51840700612
51840750102, 51840750621
51840800100, 51840800624
51840850093, 51840850622
51840900090, 51840900619
51840950111, 51840950646
51841000045, 51841000585
51841050070, 51841050610
51841100075, 51841100620
51841150088, 51841150639
51841200090, 51841200641
51841250083, 51841250639
51841300096, 51841300652
51841350093, 51841350649
51841400091, 51841400652
51841450088, 51841450649
51841500097, 51841500658
51841550086, 51841550653
51841600100, 51841600667
51841650097, 51841650664
51841700094, 51841700661
51841750087, 51841750659
51841800105, 51841800677
51841850102, 51841850679
51841900091, 51841900668
51841950108, 51841950685
51842000042, 51842000619
51842050071, 51842050654
51842100080, 51842100663
51842150085, 51842150668
51842200082, 51842200665
51842250076, 51842250659
51842300073, 51842300656
51842350090, 51842350673
51842400087, 51842400670
51842450084, 51842450667
51842500078, 51842500661
51842550087, 51842550670
51842600080, 51842600663
51842650101, 51842650684
51842700094, 51842700671
51842750084, 51842750656
51842800105, 51842800672
51842850098, 51842850665
51842900091, 51842900658
51842950088, 51842950655
51843000042, 51843000609
51843050071, 51843050638
51843100080, 51843100647
51843150093, 51843150660
51843200087, 51843200654
51843250084, 51843250651
51843300101, 51843300668
51843350090, 51843350657
51843400084, 51843400651
51843450089, 51843450656
51843500078, 51843500645
51843550091, 51843550658
51843600085, 51843600657
51843650102, 51843650679
51843700099, 51843700676
51843750092, 51843750669
51843800090, 51843800667
51843850087, 51843850664
51843900100, 51843900677
51843950097, 51843950669
51844000043, 51844000626
51844050068, 51844050656
51844100073, 51844100672
51844150086, 51844150695
51844200080, 51844200705
51844250077, 51844250719
51844300074, 51844300721
51844350091, 51844350749
51844400089, 51844400757
51844450098, 51844450777
51844500083, 51844500773
51844550092, 51844550798
51844600086, 51844600802
51844650083, 51844650810
51844700100, 51844700838
51844750089, 51844750832
51844800087, 51844800835
51844850104, 51844850858
51844900101, 51844900860
51844950094, 51844950853
51845000040, 51845000799
51845050085, 51845050844
51845100066, 51845100825
51845150079, 51845150838
51845200077, 51845200831
51845250070, 51845250818
51845300091, 51845300829
51845350080, 51845350807
51845400074, 51845400790
51845450087, 51845450798
51845500076, 51845500782
51845550085, 51845550791
51845600083, 51845600789
51845650092, 51845650798
51845700085, 51845700796
51845750082, 51845750804
51845800104, 51845800836
51845850101, 51845850855
51845900094, 51845900875
51845950107, 51845950920
51846000041, 51846000886
51846050070, 51846050952
51846100079, 51846101004
51846150068, 51846151046
51846200086, 51846201123
51846250079, 51846251175
51846300076, 51846301241
51846350073, 51846351319
51846400095, 51846401442
51846450092, 51846451557
51846500085, 51846501667
51846550098, 51846551809
51846600096, 51846601935
51846650093, 51846652050
51846700086, 51846702160
51846750083, 51846752286
51846800101, 51846802443
51846850094, 51846852564
51846900091, 51846902662
51846950088, 51846952734
51847000042, 51847002736
51847050095, 51847052821
51847100072, 51847102825
51847150081, 51847152872
51847200079, 51847202918
51847250072, 51847252975
51847300089, 51847303067
51847350074, 51847353148
51847400092, 51847403262
51847450085, 51847453314
51847500090, 51847503319
51847550095, 51847553281
51847600089, 51847603200
51847650098, 51847653135
51847700091, 51847703106
51847750084, 51847753147
51847800102, 51847803299
51847850099, 51847853467
51847900092, 51847903594
51847950105, 51847953708
51848000043, 51848003726
51848050068, 51848053805
51848100073, 51848103847
51848150086, 51848153898
51848200083, 51848203927
51848250073, 51848253944
51848300090, 51848303982
51848350083, 51848353991
51848400076, 51848404005
51848450093, 51848454060
51848500107, 51848504122
51848550100, 51848554174
51848600093, 51848604236
51848650090, 51848654271
51848700083, 51848704290
51848750101, 51848754298
51848800086, 51848804245
51848850103, 51848854209
51848900096, 51848904154
51848950093, 51848954070
51849000039, 51849003904
51849050072, 51849053804
51849100069, 51849103662
51849150082, 51849153519
51849200080, 51849203368
51849250077, 51849253220
51849300070, 51849303074
51849350087, 51849352958
51849400081, 51849402840
51849450074, 51849452726
51849500083, 51849502638
51849550088, 51849552547
51849600086, 51849602454
51849650103, 51849652380
51849700088, 51849702280
51849750085, 51849752197
51849800103, 51849802134
51849850096, 51849852047
51849900089, 51849901960
51849950102, 51849951898
51850000040, 51850001767
51850050069, 51850051748
51850100074, 51850101710
51850150087, 51850151691
51850200085, 51850201662
51850250074, 51850251635
51850300071, 51850301621
51850350088, 51850351633
51850400086, 51850401631
51850450087, 51850451632
51850500076, 51850501621
51850550089, 51850551634
51850600083, 51850601628
51850650080, 51850651625
51850700101, 51850701662
51850750094, 51850751671
51850800092, 51850801685
51850850101, 51850851721
51850900098, 51850901745
51850950091, 51850951775
51851000041, 51851001762
51851050070, 51851051840
51851100071, 51851101899
51851150084, 51851151971
51851200082, 51851202028
51851250075, 51851252090
51851300092, 51851302182
51851350089, 51851352249
51851400079, 51851402314
51851450080, 51851452389
51851500093, 51851502488
51851550090, 51851552560
51851600088, 51851602627
51851650081, 51851652674
51851700094, 51851702735
51851750087, 51851752765
51851800085, 51851802779
51851850102, 51851852802
51851900099, 51851902793
51851950092, 51851952786
51852000042, 51852002752
51852050067, 51852052783
51852100076, 51852102786
51852150089, 51852152799
51852200083, 51852202793
51852250080, 51852252790
51852300093, 51852302787
51852350090, 51852352768
51852400084, 51852402736
51852450077, 51852452697
51852500094, 51852502681
51852550091, 51852552636
51852600085, 51852602598
51852650082, 51852652557
51852700103, 51852702546
51852750100, 51852752511
51852800094, 51852802478
51852850107, 51852852465
51852900100, 51852902442
51852950097, 51852952428
51853000039, 51853002354
51853050068, 51853052367
51853100073, 51853102356
51853150082, 51853152354
51853200080, 51853202357
51853250073, 51853252350
51853300070, 51853302347
51853350087, 51853352396
51853400085, 51853402448
51853450074, 51853452512
51853500091, 51853502604
51853550092, 51853552685
51853600086, 51853602764
51853650083, 51853652863
51853700100, 51853702976
51853750089, 51853753045
51853800087, 51853803113
51853850104, 51853853205
51853900101, 51853903266
51853950094, 51853953302
51854000040, 51854003280
51854050069, 51854053314
51854100074, 51854103314
51854150087, 51854153327
51854200085, 51854203325
51854250082, 51854253290
51854300075, 51854303245
51854350092, 51854353219
51854400090, 51854403169
51854450087, 51854453118
51854500084, 51854503067
51854550081, 51854553016
51854600095, 51854602993
51854650092, 51854652952
51854700089, 51854702928
51854750086, 51854752898
51854800084, 51854802859
51854850101, 51854852838
51854900086, 51854902770
51854950103, 51854952723
51855000041, 51855002586
51855050086, 51855052551
51855100067, 51855102441
51855150068, 51855152345
51855200085, 51855202266
51855250079, 51855252153
51855300072, 51855302034
51855350089, 51855351939
51855400082, 51855401830
51855450095, 51855451747
51855500077, 51855501649
51855550082, 51855551579
51855600099, 51855601532
51855650092, 51855651471
51855700085, 51855701416
51855750099, 51855751387
51855800092, 51855801348
51855850085, 51855851315
51855900102, 51855901305
51855950095, 51855951271
51856000037, 51856001186
51856050066, 51856051183
51856100067, 51856101152
51856150080, 51856151133
51856200074, 51856201095
51856250067, 51856251061
51856300080, 51856301048
51856350073, 51856351019
51856400091, 51856401016
51856450084, 51856450993
51856500089, 51856500982
51856550078, 51856550955
51856600088, 51856600949
51856650085, 51856650930
51856700078, 51856700907
51856750095, 51856750913
51856800089, 51856800902
51856850082, 51856850889
51856900095, 51856900897
51856950088, 51856950885
51857000038, 51857000835
51857050067, 51857050864
51857100072, 51857100869
51857150081, 51857150878
51857200071, 51857200868
51857250068, 51857250870
51857300085, 51857300892
51857350078, 51857350891
51857400076, 51857400889
51857450089, 51857450902
51857500090, 51857500903
51857550075, 51857550888
51857600093, 51857600906
51857650086, 51857650899
51857700079, 51857700892
51857750092, 51857750905
51857800086, 51857800899
51857850103, 51857850916
51857900096, 51857900909
51857950093, 51857950916
51858000039, 51858000868
51858050080, 51858050914
51858100085, 51858100924
51858150070, 51858150915
51858200068, 51858200918
51858250085, 51858250946
51858300078, 51858300944
51858350091, 51858350962
51858400085, 51858400962
51858450078, 51858450949
51858500095, 51858500966
51858550096, 51858550967
51858600090, 51858600961
51858650083, 51858650949
51858700100, 51858700961
51858750093, 51858750948
51858800087, 51858800937
51858850084, 51858850934
51858900101, 51858900956
51858950090, 51858950951
51859000040, 51859000911
51859050069, 51859050956
51859100074, 51859100972
51859150087, 51859150990
51859200077, 51859200986
51859250070, 51859250973
51859300087, 51859300990
51859350084, 51859350987
51859400078, 51859400981
51859450075, 51859450978
51859500076, 51859500974
51859550085, 51859550978
51859600083, 51859600970
51859650100, 51859650982
51859700093, 51859700964
51859750090, 51859750951
51859800104, 51859800954
51859850097, 51859850936
51859900094, 51859900923
51859950087, 51859950905
51860000037, 51860000844
51860050086, 51860050883
51860100063, 51860100854
51860150072, 51860150853
51860200070, 51860200845
51860250087, 51860250857
51860300080, 51860300839
51860350069, 51860350817
51860400087, 51860400830
51860450080, 51860450812
51860500093, 51860500815
51860550090, 51860550806
51860600088, 51860600794
51860650097, 51860650792
51860700094, 51860700778
51860750087, 51860750761
51860800081, 51860800739
51860850102, 51860850749
51860900095, 51860900731
51860950084, 51860950709
51861000038, 51861000647
51861050063, 51861050662
51861100072, 51861100660
51861150081, 51861150658
51861200079, 51861200646
51861250068, 51861250624
51861300085, 51861300630
51861350078, 51861350613
51861400072, 51861400596
51861450085, 51861450604
51861500102, 51861500615
51861550075, 51861550583
51861600093, 51861600596
51861650086, 51861650578
51861700079, 51861700565
51861750100, 51861750576
51861800086, 51861800556
51861850083, 51861850548
51861900100, 51861900565
51861950097, 51861950562
51862000039, 51862000504
51862050064, 51862050529
51862100089, 51862100554
51862150074, 51862150544
51862200071, 51862200541
51862250069, 51862250539
51862300086, 51862300556
51862350083, 51862350559
51862400092, 51862400573
51862450089, 51862450575
51862500079, 51862500571
51862550084, 51862550587
51862600077, 51862600590
51862650094, 51862650613
51862700083, 51862700612
51862750101, 51862750641
51862800094, 51862800645
51862850091, 51862850652
51862900084, 51862900656
51862950093, 51862950676
51863000039, 51863000632
51863050064, 51863050668
51863100069, 51863100684
51863150078, 51863150703
51863200072, 51863200708
51863250085, 51863250737
51863300078, 51863300741
51863350071, 51863350750
51863400085, 51863400780
51863450074, 51863450785
51863500083, 51863500810
51863550084, 51863550832
51863600078, 51863600848
51863650095, 51863650886
51863700088, 51863700906
51863750081, 51863750926
51863800099, 51863800970
51863850084, 51863850987
51863900101, 51863901031
51863950094, 51863951056
51864000036, 51864001030
51864050061, 51864051093
51864100082, 51864101151
51864150071, 51864151183
51864200065, 51864201220
51864250082, 51864251285
51864300075, 51864301326
51864350068, 51864351372
51864400078, 51864401431
51864450075, 51864451481
51864500072, 51864501531
51864550085, 51864551598
51864600079, 51864601645
51864650096, 51864651716
51864700085, 51864701758
51864750078, 51864751805
51864800092, 51864801867
51864850089, 51864851901
51864900082, 51864901926
51864950099, 51864951965
51865000037, 51865001919
51865050066, 51865051958
51865100071, 51865101980
51865150080, 51865152010
51865200074, 51865202025
51865250091, 51865252064
51865300080, 51865302079
51865350073, 51865352094
51865400091, 51865402133
51865450084, 51865452142
51865500089, 51865502169
51865550090, 51865552175
51865600084, 51865602169
51865650077, 51865652162
51865700094, 51865702168
51865750091, 51865752139
51865800085, 51865802116
51865850094, 51865852109
51865900091, 51865902090
51865950084, 51865952067
51866000038, 51866002000
51866050063, 51866052009
51866100068, 51866102003
51866150077, 51866152002
51866200071, 51866201980
51866250068, 51866251966
51866300085, 51866301972
51866350078, 51866351954
51866400096, 51866401956
51866450081, 51866451920
51866500090, 51866501897
51866550095, 51866551875
51866600089, 51866601837
51866650086, 51866651802
51866700103, 51866701787
51866750088, 51866751735
51866800086, 51866801700
51866850103, 51866851680
51866900096, 51866901646
51866950089, 51866951607
51867000035, 51867001527
51867050064, 51867051529
51867100073, 51867101511
51867150082, 51867151493
51867200076, 51867201461
51867250069, 51867251427
51867300082, 51867301413
51867350075, 51867351379
51867400069, 51867401347
51867450070, 51867451321
51867500083, 51867501307
51867550080, 51867551278
51867600094, 51867601270
51867650087, 51867651242
51867700080, 51867701213
51867750097, 51867751204
51867800095, 51867801180
51867850088, 51867851147
51867900101, 51867901138
51867950094, 51867951110
51868000036, 51868001030
51868050061, 51868051039
51868100066, 51868101028
51868150071, 51868151023
51868200064, 51868201000
51868250086, 51868251006
51868300079, 51868300982
51868350072, 51868350959
51868400089, 51868400960
51868450074, 51868450935
51868500080, 51868500930
51868550089, 51868550928
51868600082, 51868600911
51868650079, 51868650897
51868700096, 51868700903
51868750082, 51868750879
51868800099, 51868800885
51868850096, 51868850871
51868900089, 51868900853
51868950082, 51868950836
51869000036, 51869000779
51869050061, 51869050793
51869100070, 51869100781
51869150083, 51869150778
51869200077, 51869200761
51869250070, 51869250749
51869300083, 51869300751
51869350076, 51869350739
51869400070, 51869400722
51869450079, 51869450726
51869500092, 51869500734
51869550081, 51869550717
51869600091, 51869600722
51869650084, 51869650709
51869700081, 51869700701
51869750098, 51869750713
51869800092, 51869800707
51869850085, 51869850700
51869900098, 51869900713
51869950091, 51869950706
51870000037, 51870000646
51870050062, 51870050671
51870100067, 51870100676
51870150080, 51870150689
51870200070, 51870200674
51870250087, 51870250686
51870300080, 51870300673
51870350077, 51870350670
51870400071, 51870400664
51870450080, 51870450673
51870500089, 51870500682
51870550094, 51870550687
51870600092, 51870600685
51870650085, 51870650678
51870700078, 51870700671
51870750091, 51870750684
51870800085, 51870800678
51870850082, 51870850675
51870900099, 51870900692
51870950092, 51870950691
51871000034, 51871000633
51871050083, 51871050687
51871100064, 51871100673
51871150073, 51871150688
51871200067, 51871200687
51871250084, 51871250709
51871300077, 51871300713
51871350066, 51871350713
51871400084, 51871400742
51871450077, 51871450745
51871500090, 51871500774
51871550091, 51871550786
51871600085, 51871600791
51871650074, 51871650790
51871700091, 51871700818
51871750084, 51871750822
51871800082, 51871800830
51871850099, 51871850858
51871900088, 51871900863
51871950081, 51871950867
51872000035, 51872000837
51872050084, 51872050902
51872100061, 51872100890
51872150074, 51872150919
51872200064, 51872200919
51872250081, 51872250947
51872300078, 51872300960
51872350071, 51872350964
51872400069, 51872400978
51872450078, 51872451008
51872500087, 51872501039
51872550072, 51872551045
51872600090, 51872601084
51872650087, 51872651103
51872700084, 51872701126
51872750077, 51872751152
51872800087, 51872801194
51872850080, 51872851224
51872900097, 51872901273
51872950090, 51872951298
51873000036, 51873001276
51873050085, 51873051357
51873100062, 51873101366
51873150071, 51873151408
51873200069, 51873201427
51873250086, 51873251471
51873300079, 51873301496
51873350088, 51873351537
51873400082, 51873401568
51873450075, 51873451604
51873500080, 51873501646
51873550093, 51873551697
51873600087, 51873601723
51873650076, 51873651744
51873700089, 51873701784
51873750086, 51873751802
51873800080, 51873801817
51873850097, 51873851850
51873900090, 51873901860
51873950103, 51873951889
51874000037, 51874001844
51874050082, 51874051905
51874100063, 51874101897
51874150076, 51874151920
51874200070, 51874201909
51874250083, 51874251922
51874300080, 51874301919
51874350073, 51874351901
51874400091, 51874401909
51874450088, 51874451895
51874500073, 51874501875
51874550094, 51874551885
51874600088, 51874601868
51874650081, 51874651851
51874700098, 51874701857
51874750095, 51874751859
51874800081, 51874801845
51874850102, 51874851866
51874900095, 51874901859
51874950088, 51874951841
51875000034, 51875001777
51875050059, 51875051786
51875100060, 51875101765
51875150069, 51875151753
51875200066, 51875201734
51875250064, 51875251716
51875300077, 51875301724
51875350070, 51875351706
51875400079, 51875401704
51875450076, 51875451685
51875500070, 51875501658
51875550091, 51875551652
51875600084, 51875601618
51875650077, 51875651579
51875700090, 51875701555
51875750084, 51875751511
51875800081, 51875801471
51875850098, 51875851456
51875900091, 51875901417
51875950100, 51875951394
51876000034, 51876001296
51876050063, 51876051293
51876100068, 51876101271
51876150077, 51876151248
51876200075, 51876201219
51876250084, 51876251201
51876300081, 51876301172
51876350074, 51876351143
51876400068, 51876401116
51876450085, 51876451111
51876500074, 51876501079
51876550071, 51876551060
51876600089, 51876601057
51876650082, 51876651034
51876700079, 51876701009
51876750096, 51876751005
51876800090, 51876800977
51876850079, 51876850950
51876900100, 51876900950
51876950093, 51876950927
51877000035, 51877000853
51877050064, 51877050871
51877100061, 51877100858
51877150074, 51877150860
51877200072, 51877200847
51877250069, 51877250833
51877300086, 51877300840
51877350079, 51877350822
51877400089, 51877400827
51877450074, 51877450801
51877500087, 51877500809
51877550076, 51877550792
51877600094, 51877600805
51877650087, 51877650793
51877700076, 51877700782
51877750097, 51877750803
51877800091, 51877800797
51877850088, 51877850794
51877900081, 51877900787
51877950098, 51877950804
51878000032, 51878000738
51878050065, 51878050776
51878100070, 51878100786
51878150059, 51878150791
51878200081, 51878200824
51878250070, 51878250829
51878300063, 51878300844
51878350084, 51878350886
51878400078, 51878400901
51878450067, 51878450906
51878500080, 51878500935
51878550081, 51878550947
51878600075, 51878600946
51878650072, 51878650949
51878700089, 51878700960
51878750086, 51878750957
51878800080, 51878800946
51878850093, 51878850948
51878900090, 51878900935
51878950083, 51878950912
51879000033, 51879000846
51879050058, 51879050855
51879100063, 51879100849
51879150068, 51879150843
51879200066, 51879200830
51879250083, 51879250842
51879300076, 51879300830
51879350073, 51879350827
51879400091, 51879400845
51879450080, 51879450834
51879500069, 51879500823
51879550090, 51879550849
51879600084, 51879600848
51879650077, 51879650847
51879700090, 51879700865
51879750083, 51879750869
51879800077, 51879800874
51879850094, 51879850907
51879900091, 51879900920
51879950084, 51879950934
51880000034, 51880000911
51880050063, 51880050961
51880100068, 51880100988
51880150077, 51880151013
51880200075, 51880201027
51880250072, 51880251040
51880300085, 51880301069
51880350078, 51880351078
51880400076, 51880401092
51880450069, 51880451095
51880500078, 51880501115
51880550083, 51880551136
51880600073, 51880601137
51880650090, 51880651165
51880700087, 51880701172
51880750080, 51880751171
51880800098, 51880801189
51880850091, 51880851182
51880900080, 51880901171
51880950097, 51880951188
51881000031, 51881001122
51881050060, 51881051151
51881100065, 51881101156
51881150074, 51881151159
51881200068, 51881201143
51881250065, 51881251129
51881300082, 51881301141
51881350079, 51881351127
51881400073, 51881401110
51881450082, 51881451108
51881500091, 51881501107
51881550076, 51881551086
51881600074, 51881601079
51881650091, 51881651096
51881700084, 51881701089
51881750073, 51881751078
51881800091, 51881801096
51881850084, 51881851089
51881900081, 51881901086
51881950098, 51881951114
51882000032, 51882001053
51882050057, 51882051073
51882100066, 51882101082
51882150079, 51882151105
51882200076, 51882201113
51882250070, 51882251118
51882300083, 51882301147
51882350080, 51882351160
51882400073, 51882401169
51882450082, 51882451199
51882500072, 51882501205
51882550085, 51882551240
51882600074, 51882601239
51882650071, 51882651258
51882700088, 51882701302
51882750086, 51882751326
51882800079, 51882801346
51882850076, 51882851370
51882900089, 51882901404
51882950086, 51882951417
51883000032, 51883001379
51883050057, 51883051415
51883100062, 51883101431
51883150075, 51883151438
51883200065, 51883201428
51883250062, 51883251425
51883300079, 51883301432
51883350076, 51883351418
51883400074, 51883401394
51883450091, 51883451390
51883500068, 51883501340
51883550077, 51883551323
51883600075, 51883601294
51883650092, 51883651290
51883700089, 51883701260
51883750074, 51883751218
51883800092, 51883801215
51883850089, 51883851185
51883900082, 51883901157
51883950099, 51883951147
51884000033, 51884001059
51884050082, 51884051087
51884100063, 51884101047
51884150076, 51884151044
51884200074, 51884201026
51884250071, 51884251001
51884300068, 51884300982
51884350077, 51884350975
51884400075, 51884400957
51884450068, 51884450934
51884500081, 51884500931
51884550086, 51884550925
51884600084, 51884600913
51884650073, 51884650891
51884700094, 51884700901
51884750087, 51884750884
51884800081, 51884800867
51884850078, 51884850853
51884900091, 51884900861
51884950088, 51884950847
51885000034, 51885000788
51885050059, 51885050802
51885100064, 51885100802
51885150077, 51885150804
51885200071, 51885200787
51885250068, 51885250779
51885300085, 51885300785
51885350082, 51885350777
51885400080, 51885400770
51885450073, 51885450757
51885500086, 51885500765
51885550083, 51885550757
51885600077, 51885600745
51885650094, 51885650752
51885700087, 51885700739
51885750080, 51885750722
51885800094, 51885800730
51885850087, 51885850718
51885900084, 51885900715
51885950101, 51885950732
51886000031, 51886000662
51886050072, 51886050708
51886100077, 51886100719
51886150066, 51886150713
51886200064, 51886200716
51886250061, 51886250719
51886300078, 51886300746
51886350067, 51886350741
51886400085, 51886400769
51886450082, 51886450772
51886500071, 51886500766
51886550072, 51886550762
51886600090, 51886600780
51886650079, 51886650769
51886700076, 51886700755
51886750093, 51886750761
51886800091, 51886800749
51886850084, 51886850731
51886900081, 51886900717
51886950094, 51886950725
51887000032, 51887000663
51887050057, 51887050688
51887100062, 51887100693
51887150075, 51887150706
51887200069, 51887200700
51887250082, 51887250718
51887300079, 51887300721
51887350072, 51887350724
51887400066, 51887400729
51887450071, 51887450745
51887500080, 51887500759
51887550077, 51887550761
51887600091, 51887600775
51887650084, 51887650768
51887700077, 51887700761
51887750094, 51887750773
51887800084, 51887800752
51887850077, 51887850735
51887900094, 51887900741
51887950087, 51887950729
51888000033, 51888000669
51888050058, 51888050689
51888100079, 51888100710
51888150068, 51888150699
51888200061, 51888200692
51888250079, 51888250710
51888300076, 51888300712
51888350069, 51888350711
51888400082, 51888400734
51888450083, 51888450746
51888500073, 51888500747
51888550090, 51888550780
51888600087, 51888600793
51888650080, 51888650802
51888700093, 51888700825
51888750087, 51888750835
51888800080, 51888800839
51888850077, 51888850852
51888900090, 51888900876
51888950079, 51888950876
51889000029, 51889000836
51889050058, 51889050876
51889100063, 51889100897
51889150072, 51889150922
51889200070, 51889200941
51889250059, 51889250952
51889300076, 51889300990
51889350069, 51889351005
51889400067, 51889401019
51889450084, 51889451046
51889500065, 51889501038
51889550070, 51889551054
51889600088, 51889601082
51889650081, 51889651081
51889700074, 51889701079
51889750091, 51889751101
51889800089, 51889801094
51889850078, 51889851083
51889900095, 51889901089
51889950088, 51889951077
51890000030, 51890001008
51890050079, 51890051047
51890100076, 51890101028
51890150065, 51890151006
51890200063, 51890200988
51890250060, 51890250969
51890300077, 51890300975
51890350070, 51890350957
51890400084, 51890400966
51890450081, 51890450963
51890500070, 51890500952
51890550071, 51890550958
51890600089, 51890600982
51890650086, 51890650989
51890700075, 51890700989
51890750092, 51890751022
51890800086, 51890801032
51890850083, 51890851051
51890900076, 51890901060
51890950097, 51890951097
51891000031, 51891001041
51891050080, 51891051096
51891100061, 51891101071
51891150074, 51891151084
51891200068, 51891201073
51891250085, 51891251079
51891300074, 51891301052
51891350071, 51891351039
51891400065, 51891401022
51891450086, 51891451038
51891500071, 51891501023
51891550068, 51891551020
51891600086, 51891601043
51891650083, 51891651056
51891700076, 51891701065
51891750073, 51891751089
51891800091, 51891801133
51891850080, 51891851149
51891900077, 51891901178
51891950094, 51891951217
51892000028, 51892001177
51892050053, 51892051229
51892100058, 51892101261
51892150067, 51892151302
51892200061, 51892201333
51892250058, 51892251378
51892300075, 51892301444
51892350068, 51892351495
51892400090, 51892401582
51892450079, 51892451640
51892500068, 51892501715
51892550065, 51892551797
51892600087, 51892601905
51892650080, 51892651972
51892700073, 51892702035
51892750090, 51892752132
51892800084, 51892802212
51892850081, 51892852289
51892900074, 51892902367
51892950091, 51892952459
51893000029, 51893002472
51893050074, 51893052587
51893100059, 51893102630
51893150072, 51893152702
51893200070, 51893202743
51893250067, 51893252777
51893300076, 51893302818
51893350073, 51893352832
51893400067, 51893402820
51893450068, 51893452821
51893500085, 51893502806
51893550082, 51893552760
51893600072, 51893602681
51893650089, 51893652628
51893700086, 51893702545
51893750079, 51893752458
51893800077, 51893802376
51893850098, 51893852311
51893900087, 51893902225
51893950080, 51893952138
51894000026, 51894002004
51894050051, 51894051960
51894100060, 51894101904
51894150065, 51894151851
51894200063, 51894201790
51894250056, 51894251729
51894300073, 51894301693
51894350070, 51894351642
51894400064, 51894401588
51894450069, 51894451544
51894500062, 51894501489
51894550063, 51894551448
51894600081, 51894601428
51894650078, 51894651393
51894700075, 51894701358
51894750088, 51894751344
51894800082, 51894801317
51894850075, 51894851289
51894900072, 51894901270
51894950089, 51894951281
51895000027, 51895001219
51895050056, 51895051248
51895100065, 51895101257
51895150078, 51895151281
51895200071, 51895201285
51895250065, 51895251295
51895300074, 51895301320
51895350071, 51895351343
51895400064, 51895401363
51895450073, 51895451410
51895500067, 51895501441
51895550076, 51895551493
51895600085, 51895601544
51895650082, 51895651584
51895700075, 51895701620
51895750073, 51895751661
51895800090, 51895801726
51895850083, 51895851767
51895900092, 51895901824
51895950085, 51895951865
51896000027, 51896001855
51896050052, 51896051928
51896100057, 51896101982
51896150070, 51896152032
51896200060, 51896202054
51896250077, 51896252098
51896300070, 51896302107
51896350063, 51896352111
51896400081, 51896402123
51896450062, 51896452104
51896500079, 51896502110
51896550084, 51896552105
51896600078, 51896602104
51896650071, 51896652092
51896700068, 51896702089
51896750081, 51896752134
51896800071, 51896802167
51896850088, 51896852237
51896900081, 51896902284
51896950078, 51896952339
51897000028, 51897002343
51897050073, 51897052436
51897100054, 51897102470
51897150067, 51897152537
51897200065, 51897202594
51897250058, 51897252640
51897300079, 51897302725
51897350068, 51897352773
51897400066, 51897402825
51897450083, 51897452884
51897500076, 51897502915
51897550077, 51897552942
51897600075, 51897602956
51897650084, 51897652960
51897700081, 51897702957
51897750074, 51897752950
51897800072, 51897802948
51897850089, 51897852965
51897900078, 51897902954
51897950095, 51897952971
51898000029, 51898002889
51898050078, 51898052927
51898100059, 51898102892
51898150072, 51898152884
51898200062, 51898202847
51898250059, 51898252801
51898300080, 51898302780
51898350073, 51898352741
51898400067, 51898402703
51898450084, 51898452688
51898500069, 51898502640
51898550070, 51898552604
51898600088, 51898602574
51898650085, 51898652523
51898700078, 51898702462
51898750075, 51898752411
51898800089, 51898802377
51898850082, 51898852317
51898900075, 51898902262
51898950096, 51898952234
51899000026, 51899002122
51899050071, 51899052135
51899100052, 51899102083
51899150065, 51899152059
51899200063, 51899202020
51899250060, 51899251974
51899300077, 51899301953
51899350066, 51899351916
51899400060, 51899401888
51899450085, 51899451897
51899500074, 51899501876
51899550067, 51899551863
51899600065, 51899601861
51899650078, 51899651874
51899700071, 51899701867
51899750088, 51899751884
51899800086, 51899801882
51899850083, 51899851879
51899900076, 51899901872
51899950089, 51899951885
51900000027, 51900001823
51900050052, 51900051848
51900100057, 51900101853
51900150074, 51900151870
51900200068, 51900201864
51900250061, 51900251857
51900300078, 51900301858
51900350075, 51900351839
51900400069, 51900401812
51900450066, 51900451782
51900500071, 51900501766
51900550072, 51900551740
51900600070, 51900601711
51900650067, 51900651681
51900700084, 51900701672
51900750081, 51900751647
51900800071, 51900801616
51900850092, 51900851616
51900900085, 51900901582
51900950078, 51900951553
51901000028, 51901001482
51901050057, 51901051500
51901100058, 51901101507
51901150071, 51901151514
51901200068, 51901201527
51901250062, 51901251532
51901300059, 51901301540
51901350076, 51901351568
51901400065, 51901401567
51901450062, 51901451575
51901500064, 51901501588
51901550077, 51901551617
51901600070, 51901601626
51901650091, 51901651668
51901700080, 51901701678
51901750074, 51901751694
51901800071, 51901801718
51901850092, 51901851765
51901900085, 51901901790
51901950074, 51901951801
51902000028, 51902001776
51902050053, 51902051823
51902100058, 51902101844
51902150071, 51902151873
51902200069, 51902201887
51902250058, 51902251886
51902300079, 51902301923
51902350072, 51902351927
51902400070, 51902401941
51902450063, 51902451950
51902500080, 51902501983
51902550073, 51902551987
51902600067, 51902601997
51902650088, 51902652034
51902700081, 51902702038
51902750078, 51902752040
51902800096, 51902802058
51902850089, 51902852051
51902900082, 51902902044
51902950079, 51902952041
51903000025, 51903001987
51903050050, 51903052012
51903100055, 51903102017
51903150064, 51903152015
51903200066, 51903202007
51903250059, 51903251984
51903300056, 51903301965
51903350077, 51903351975
51903400067, 51903401959
51903450080, 51903451972
51903500069, 51903501961
51903550078, 51903551970
51903600076, 51903601968
51903650073, 51903651965
51903700086, 51903701978
51903750079, 51903751971
51903800077, 51903801969
51903850074, 51903851950
51903900071, 51903901937
51903950092, 51903951947
51904000026, 51904001865
51904050075, 51904051898
51904100056, 51904101863
51904150065, 51904151851
51904200063, 51904201833
51904250076, 51904251824
51904300073, 51904301800
51904350066, 51904351771
51904400064, 51904401748
51904450061, 51904451724
51904500078, 51904501719
51904550071, 51904551691
51904600069, 51904601662
51904650066, 51904651643
51904700083, 51904701639
51904750076, 51904751610
51904800074, 51904801587
51904850083, 51904851575
51904900080, 51904901550
51904950073, 51904951522
51905000023, 51905001450
51905050052, 51905051458
51905100057, 51905101442
51905150062, 51905151431
51905200060, 51905201413
51905250053, 51905251390
51905300074, 51905301400
51905350067, 51905351377
51905400057, 51905401345
51905450082, 51905451349
51905500075, 51905501315
51905550072, 51905551286
51905600066, 51905601253
51905650063, 51905651223
51905700076, 51905701204
51905750069, 51905751165
51905800067, 51905801131
51905850084, 51905851116
51905900081, 51905901081
51905950074, 51905951036
51906000024, 51906000949
51906050049, 51906050936
51906100054, 51906100904
51906150067, 51906150880
51906200065, 51906200846
51906250062, 51906250810
51906300071, 51906300787
51906350068, 51906350752
51906400062, 51906400720
51906450059, 51906450690
51906500076, 51906500685
51906550073, 51906550661
51906600063, 51906600630
51906650084, 51906650635
51906700077, 51906700612
51906750074, 51906750593
51906800072, 51906800575
51906850089, 51906850581
51906900078, 51906900554
51906950075, 51906950540
51907000025, 51907000479
51907050054, 51907050498
51907100063, 51907100496
51907150068, 51907150496
51907200066, 51907200483
51907250063, 51907250475
51907300056, 51907300462
51907350073, 51907350474
51907400067, 51907400463
51907450080, 51907450470
51907500073, 51907500458
51907550074, 51907550454
51907600068, 51907600448
51907650065, 51907650439
51907700082, 51907700456
51907750071, 51907750440
51907800069, 51907800433
51907850086, 51907850450
51907900083, 51907900441
51907950076, 51907950434
51908000026, 51908000379
51908050051, 51908050404
51908100060, 51908100413
51908150069, 51908150422
51908200066, 51908200419
51908250064, 51908250417
51908300073, 51908300426
51908350070, 51908350423
51908400067, 51908400420
51908450060, 51908450413
51908500070, 51908500423
51908550079, 51908550432
51908600068, 51908600421
51908650085, 51908650438
51908700082, 51908700435
51908750076, 51908750429
51908800073, 51908800431
51908850070, 51908850428
51908900079, 51908900443
51908950076, 51908950440
51909000022, 51909000391
51909050047, 51909050421
51909100052, 51909100432
51909150065, 51909150450
51909200059, 51909200449
51909250052, 51909250448
51909300069, 51909300470
51909350066, 51909350472
51909400060, 51909400472
51909450073, 51909450495
51909500066, 51909500494
51909550067, 51909550505
51909600065, 51909600509
51909650062, 51909650516
51909700083, 51909700543
51909750072, 51909750542
51909800070, 51909800546
51909850067, 51909850553
51909900088, 51909900580
51909950081, 51909950584
51910000023, 51910000536
51910050064, 51910050588
51910100073, 51910100608
51910150062, 51910150607
51910200060, 51910200616
51910250053, 51910250625
51910300074, 51910300662
51910350063, 51910350667
51910400061, 51910400681
51910450062, 51910450704
51910500075, 51910500743
51910550076, 51910550771
51910600070, 51910600797
51910650083, 51910650842
51910700080, 51910700877
51910750073, 51910750902
51910800071, 51910800926
51910850068, 51910850939
51910900081, 51910900963
51910950078, 51910950965
51911000024, 51911000906
51911050053, 51911050935
51911100062, 51911100944
51911150071, 51911150953
51911200061, 51911200943
51911250054, 51911250931
51911300071, 51911300942
51911350064, 51911350930
51911400062, 51911400923
51911450079, 51911450940
51911500060, 51911500915
51911550061, 51911550911
51911600079, 51911600924
51911650072, 51911650911
51911700069, 51911700898
51911750086, 51911750904
51911800076, 51911800883
51911850069, 51911850866
51911900090, 51911900876
51911950083, 51911950864
51912000021, 51912000796
51912050070, 51912050845
51912100047, 51912100822
51912150064, 51912150845
51912200058, 51912200855
51912250051, 51912250864
51912300072, 51912300911
51912350061, 51912350932
51912400055, 51912400964
51912450068, 51912451025
51912500057, 51912501073
51912550066, 51912551157
51912600060, 51912601236
51912650073, 51912651351
51912700070, 51912701455
51912750063, 51912751565
51912800085, 51912801699
51912850078, 51912851794
51912900071, 51912901878
51912950084, 51912951971
51913000022, 51913001973
51913050051, 51913052050
51913100056, 51913102087
51913150069, 51913152133
51913200059, 51913202155
51913250056, 51913252152
51913300073, 51913302169
51913350070, 51913352166
51913400064, 51913402160
51913450077, 51913452173
51913500062, 51913502158
51913550067, 51913552163
51913600065, 51913602161
51913650062, 51913652158
51913700079, 51913702175
51913750076, 51913752156
51913800086, 51913802150
51913850083, 51913852131
51913900076, 51913902102
51913950073, 51913952072
51914000023, 51914001990
51914050068, 51914052003
51914100069, 51914101972
51914150058, 51914151924
51914200056, 51914201890
51914250053, 51914251855
51914300070, 51914301840
51914350067, 51914351810
51914400057, 51914401773
51914450070, 51914451759
51914500059, 51914501716
51914550064, 51914551695
51914600062, 51914601666
51914650075, 51914651652
51914700068, 51914701624
51914750065, 51914751594
51914800083, 51914801591
51914850080, 51914851561
51914900073, 51914901527
51914950090, 51914951523
51915000020, 51915001431
51915050045, 51915051430
51915100054, 51915101417
51915150067, 51915151404
51915200064, 51915201379
51915250054, 51915251342
51915300071, 51915301338
51915350064, 51915351310
51915400061, 51915401285
51915450058, 51915451256
51915500068, 51915501244
51915550061, 51915551210
51915600058, 51915601186
51915650075, 51915651176
51915700072, 51915701152
51915750066, 51915751125
51915800087, 51915801119
51915850076, 51915851086
51915900069, 51915901058
51915950086, 51915951054
51916000020, 51916000972
51916050045, 51916050975
51916100050, 51916100959
51916150063, 51916150956
51916200061, 51916200932
51916250062, 51916250917
51916300055, 51916300894
51916350072, 51916350895
51916400062, 51916400875
51916450071, 51916450873
51916500060, 51916500851
51916550073, 51916550854
51916600071, 51916600841
51916650064, 51916650828
51916700077, 51916700831
51916750074, 51916750822
51916800068, 51916800806
51916850065, 51916850797
51916900082, 51916900809
51916950079, 51916950795
51917000021, 51917000732
51917050046, 51917050752
51917100051, 51917100751
51917150064, 51917150759
51917200062, 51917200752
51917250051, 51917250741
51917300068, 51917300758
51917350065, 51917350755
51917400059, 51917400749
51917450056, 51917450746
51917500077, 51917500767
51917550066, 51917550756
51917600064, 51917600754
51917650061, 51917650751
51917700078, 51917700768
51917750075, 51917750765
51917800069, 51917800764
51917850082, 51917850788
51917900079, 51917900795
51917950072, 51917950799
51918000022, 51918000760
51918050055, 51918050809
51918100060, 51918100824
51918150065, 51918150840
51918200063, 51918200854
51918250060, 51918250862
51918300057, 51918300870
51918350054, 51918350883
51918400072, 51918400911
51918450061, 51918450911
51918500078, 51918500939
51918550079, 51918550950
51918600077, 51918600954
51918650074, 51918650956
51918700067, 51918700954
51918750084, 51918750977
51918800082, 51918800980
51918850079, 51918850982
51918900072, 51918900981
51918950089, 51918951003
51919000019, 51919000944
51919050052, 51919050988
51919100057, 51919101003
51919150046, 51919151003
51919200068, 51919201036
51919250065, 51919251049
51919300054, 51919301054
51919350071, 51919351087
51919400069, 51919401101
51919450070, 51919451112
51919500063, 51919501111
51919550060, 51919551119
51919600074, 51919601149
51919650071, 51919651162
51919700064, 51919701171
51919750061, 51919751184
51919800083, 51919801222
51919850072, 51919851232
51919900069, 51919901245
51919950066, 51919951247
51920000020, 51920001207
51920050049, 51920051230
51920100054, 51920101235
51920150063, 51920151244
51920200061, 51920201232
51920250058, 51920251218
51920300059, 51920301198
51920350056, 51920351168
51920400074, 51920401159
51920450055, 51920451114
51920500068, 51920501094
51920550077, 51920551071
51920600071, 51920601033
51920650068, 51920650998
51920700061, 51920700964
51920750074, 51920750956
51920800068, 51920800939
51920850085, 51920850946
51920900078, 51920900944
51920950075, 51920950936
51921000021, 51921000892
51921050046, 51921050923
51921100051, 51921100938
51921150064, 51921150962
51921200061, 51921200964
51921250055, 51921250964
51921300068, 51921300971
51921350065, 51921350968
51921400058, 51921400961
51921450063, 51921450966
51921500077, 51921500980
51921550062, 51921550965
51921600075, 51921600978
51921650068, 51921650971
51921700065, 51921700968
51921750083, 51921750997
51921800076, 51921801001
51921850073, 51921851009
51921900082, 51921901034
51921950079, 51921951041
51922000021, 51922000989
51922050066, 51922051039
51922100047, 51922101025
51922150060, 51922151038
51922200054, 51922201032
51922250071, 51922251049
51922300068, 51922301046
51922350061, 51922351034
51922400059, 51922401021
51922450060, 51922451012
51922500073, 51922501009
51922550058, 51922550978
51922600080, 51922600983
51922650077, 51922650959
51922700070, 51922700931
51922750083, 51922750922
51922800081, 51922800894
51922850074, 51922850865
51922900071, 51922900835
51922950068, 51922950811
51923000018, 51923000740
51923050063, 51923050769
51923100044, 51923100734
51923150057, 51923150736
51923200059, 51923200733
51923250052, 51923250720
51923300069, 51923300732
51923350058, 51923350716
51923400056, 51923400714
51923450053, 51923450711
51923500066, 51923500724
51923550067, 51923550725
51923600057, 51923600715
51923650074, 51923650732
51923700071, 51923700729
51923750064, 51923750722
51923800062, 51923800720
51923850083, 51923850741
51923900072, 51923900730
51923950065, 51923950728
51924000019, 51924000687
51924050044, 51924050718
51924100053, 51924100732
51924150066, 51924150750
51924200056, 51924200746
51924250053, 51924250753
51924300070, 51924300781
51924350067, 51924350783
51924400065, 51924400792
51924450058, 51924450790
51924500059, 51924500797
51924550060, 51924550808
51924600058, 51924600812
51924650075, 51924650834
51924700072, 51924700836
51924750069, 51924750839
51924800083, 51924800847
51924850076, 51924850840
51924900069, 51924900833
51924950066, 51924950825
51925000020, 51925000768
51925050065, 51925050803
51925100046, 51925100773
51925150063, 51925150779
51925200061, 51925200767
51925250054, 51925250754
51925300051, 51925300746
51925350064, 51925350759
51925400058, 51925400753
51925450067, 51925450762
51925500060, 51925500755
51925550069, 51925550764
51925600063, 51925600758
51925650076, 51925650771
51925700069, 51925700764
51925750066, 51925750761
51925800084, 51925800784
51925850081, 51925850787
51925900074, 51925900785
51925950087, 51925950803
51926000017, 51926000733
51926050046, 51926050768
51926100051, 51926100778
51926150064, 51926150796
51926200054, 51926200792
51926250051, 51926250783
51926300068, 51926300800
51926350065, 51926350797
51926400059, 51926400791
51926450056, 51926450788
51926500069, 51926500801
51926550062, 51926550794
51926600056, 51926600788
51926650073, 51926650805
51926700070, 51926700802
51926750067, 51926750805
51926800081, 51926800824
51926850078, 51926850826
51926900075, 51926900829
51926950068, 51926950827
51927000018, 51927000782
51927050047, 51927050806
51927100048, 51927100807
51927150057, 51927150816
51927200055, 51927200814
51927250052, 51927250811
51927300069, 51927300833
51927350062, 51927350837
51927400072, 51927400858
51927450069, 51927450866
51927500058, 51927500865
51927550055, 51927550868
51927600073, 51927600891
51927650062, 51927650885
51927700075, 51927700904
51927750072, 51927750901
51927800066, 51927800895
51927850083, 51927850912
51927900076, 51927900905
51927950065, 51927950894
51928000019, 51928000848
51928050044, 51928050873
51928100049, 51928100878
51928150062, 51928150891
51928200059, 51928200888
51928250049, 51928250878
51928300066, 51928300895
51928350063, 51928350892
51928400056, 51928400885
51928450053, 51928450882
51928500063, 51928500892
51928550060, 51928550889
51928600077, 51928600906
51928650070, 51928650899
51928700063, 51928700892
51928750081, 51928750910
51928800078, 51928800907
51928850067, 51928850896
51928900084, 51928900913
51928950081, 51928950904
51929000019, 51929000837
51929050044, 51929050857
51929100069, 51929100876
51929150054, 51929150856
51929200052, 51929200854
51929250049, 51929250851
51929300066, 51929300868
51929350063, 51929350865
51929400053, 51929400855
51929450058, 51929450860
51929500071, 51929500873
51929550060, 51929550862
51929600058, 51929600860
51929650075, 51929650877
51929700064, 51929700866
51929750061, 51929750863
51929800079, 51929800881
51929850076, 51929850878
51929900069, 51929900876
51929950090, 51929950903
51930000016, 51930000829
51930050041, 51930050854
51930100050, 51930100863
51930150063, 51930150881
51930200061, 51930200884
51930250050, 51930250879
51930300067, 51930300901
51930350060, 51930350899
51930400058, 51930400903
51930450067, 51930450917
51930500056, 51930500911
51930550061, 51930550922
51930600055, 51930600921
51930650076, 51930650947
51930700069, 51930700946
51930750066, 51930750948
51930800060, 51930800947
51930850073, 51930850955
51930900070, 51930900952
51930950063, 51930950945
51931000017, 51931000899
51931050046, 51931050928
51931100051, 51931100938
51931150056, 51931150949
51931200054, 51931200952
51931250047, 51931250950
51931300068, 51931300982
51931350061, 51931350986
51931400051, 51931400987
51931450072, 51931451018
51931500069, 51931501026
51931550062, 51931551030
51931600060, 51931601038
51931650077, 51931651066
51931700066, 51931701066
51931750059, 51931751069
51931800081, 51931801107
51931850074, 51931851111
51931900071, 51931901124
51931950064, 51931951133
51932000018, 51932001103
