# exposure_start_timestamp_us, exposure_end_timestamp_us
51805200087, 51805201557
51805250080, 51805251539
51805300097, 51805301551
51805350094, 51805351543
51805400092, 51805401535
51805450085, 51805451523
51805500106, 51805501533
51805550091, 51805551508
51805600109, 51805601520
51805650106, 51805651507
51805700099, 51805701494
51805750116, 51805751501
51805800106, 51805801485
51805850099, 51805851468
51805900116, 51805901474
51805950109, 51805951462
51806000051, 51806001404
51806050100, 51806051458
51806100081, 51806101439
51806150090, 51806151448
51806200088, 51806201451
51806250081, 51806251444
51806300102, 51806301465
51806350087, 51806351450
51806400105, 51806401468
51806450102, 51806451455
51806500107, 51806501454
51806550088, 51806551425
51806600106, 51806601432
51806650095, 51806651410
51806700112, 51806701416
51806750105, 51806751393
51806800103, 51806801381
51806850096, 51806851358
51806900117, 51806901368
51806950102, 51806951337
51807000052, 51807001276
51807050081, 51807051289
51807100090, 51807101282
51807150099, 51807151280
51807200085, 51807201250
51807250082, 51807251231
51807300099, 51807301232
51807350096, 51807351213
51807400090, 51807401197
51807450087, 51807451178
51807500100, 51807501175
51807550093, 51807551152
51807600111, 51807601159
51807650104, 51807651136
51807700097, 51807701113
51807750094, 51807751094
51807800104, 51807801088
51807850101, 51807851069
51807900118, 51807901070
51807950111, 51807951052
51808000053, 51808000983
51808050102, 51808051016
51808100099, 51808101002
51808150088, 51808150975
51808200086, 51808200963
51808250083, 51808250949
51808300100, 51808300961
51808350089, 51808350944
51808400107, 51808400952
51808450088, 51808450927
51808500101, 51808500935
51808550090, 51808550924
51808600112, 51808600946
51808650101, 51808650935
51808700098, 51808700932
51808750115, 51808750949
51808800109, 51808800943
51808850102, 51808850936
51808900099, 51808900933
51808950108, 51808950942
51809000054, 51809000888
51809050099, 51809050933
51809100080, 51809100914
51809150089, 51809150923
51809200086, 51809200920
51809250100, 51809250934
51809300093, 51809300922
51809350086, 51809350915
51809400103, 51809400932
51809450088, 51809450917
51809500106, 51809500935
51809550103, 51809550932
51809600096, 51809600925
51809650093, 51809650922
51809700110, 51809700939
51809750108, 51809750942
51809800125, 51809800964
51809850110, 51809850955
51809900107, 51809900952
51809950100, 51809950945
51810000050, 51810000895
51810050079, 51810050924
51810100076, 51810100921
51810150089, 51810150934
51810200087, 51810200932
51810250080, 51810250935
51810300097, 51810300968
51810350090, 51810350977
51810400104, 51810401007
51810450101, 51810451010
51810500090, 51810501004
51810550107, 51810551016
51810600101, 51810601010
51810650098, 51810651007
51810700107, 51810701021
51810750100, 51810751020
51810800098, 51810801028
51810850115, 51810851051
51810900108, 51810901054
51810950101, 51810951063
51811000051, 51811001029
51811050100, 51811051094
51811100081, 51811101091
51811150094, 51811151115
51811200088, 51811201125
51811250101, 51811251149
51811300094, 51811301153
51811350091, 51811351160
51811400085, 51811401165
51811450102, 51811451193
51811500107, 51811501203
51811550108, 51811551209
51811600102, 51811601209
51811650099, 51811651206
51811700092, 51811701199
51811750109, 51811751216
51811800107, 51811801214
51811850096, 51811851203
51811900113, 51811901220
51811950106, 51811951213
51812000048, 51812001155
51812050077, 51812051194
51812100082, 51812101205
51812150091, 51812151214
51812200089, 51812201212
51812250082, 51812251205
51812300079, 51812301202
51812350096, 51812351219
51812400086, 51812401219
51812450103, 51812451242
51812500104, 51812501248
51812550089, 51812551238
51812600107, 51812601262
51812650104, 51812651253
51812700093, 51812701242
51812750110, 51812751259
51812800108, 51812801257
51812850101, 51812851250
51812900098, 51812901237
51812950115, 51812951243
51813000049, 51813001166
51813050074, 51813051181
51813100079, 51813101180
51813150092, 51813151183
51813200086, 51813201182
51813250107, 51813251198
51813300096, 51813301203
51813350089, 51813351206
51813400087, 51813401215
51813450104, 51813451243
51813500093, 51813501242
51813550086, 51813551246
51813600104, 51813601275
51813650101, 51813651282
51813700094, 51813701286
51813750091, 51813751299
51813800113, 51813801337
51813850106, 51813851346
51813900099, 51813901355
51813950112, 51813951390
51814000050, 51814001344
51814050075, 51814051390
51814100080, 51814101411
51814150089, 51814151436
51814200083, 51814201441
51814250080, 51814251449
51814300097, 51814301482
51814350090, 51814351491
51814400088, 51814401499
51814450101, 51814451523
51814500098, 51814501531
51814550087, 51814551530
51814600109, 51814601579
51814650102, 51814651599
51814700099, 51814701617
51814750108, 51814751653
51814800106, 51814801678
51814850099, 51814851692
51814900096, 51814901710
51814950113, 51814951744
51815000051, 51815001698
51815050080, 51815051743
51815100089, 51815101768
51815150098, 51815151787
51815200091, 51815201796
51815250085, 51815251801
51815300098, 51815301830
51815350091, 51815351839
51815400088, 51815401858
51815450089, 51815451875
51815500107, 51815501909
51815550088, 51815551906
51815600101, 51815601935
51815650094, 51815651938
51815700111, 51815701971
51815750105, 51815752003
51815800094, 51815802029
51815850115, 51815852082
51815900104, 51815902098
51815950117, 51815952138
51816000047, 51816002089
51816050072, 51816052130
51816100077, 51816102141
51816150082, 51816152146
51816200076, 51816202140
51816250093, 51816252141
51816300090, 51816302116
51816350083, 51816352088
51816400101, 51816402084
51816450086, 51816452053
51816500099, 51816502056
51816550096, 51816552037
51816600090, 51816602025
51816650107, 51816652032
51816700100, 51816702030
51816750089, 51816752019
51816800107, 51816802026
51816850100, 51816852014
51816900093, 51816902007
51816950110, 51816952024
51817000048, 51817001951
51817050077, 51817051986
51817100082, 51817101991
51817150095, 51817152004
51817200089, 51817201998
51817250086, 51817252011
51817300103, 51817302044
51817350092, 51817352054
51817400086, 51817402075
51817450087, 51817452097
51817500100, 51817502137
51817550093, 51817552146
51817600107, 51817602176
51817650100, 51817652174
51817700093, 51817702167
51817750090, 51817752164
51817800108, 51817802172
51817850105, 51817852153
51817900094, 51817902125
51817950115, 51817952125
51818000049, 51818002032
51818050082, 51818052033
51818100087, 51818101996
51818150076, 51818151936
51818200090, 51818201902
51818250087, 51818251857
51818300080, 51818301823
51818350101, 51818351817
51818400095, 51818401790
51818450088, 51818451761
51818500097, 51818501754
51818550098, 51818551739
51818600092, 51818601723
51818650089, 51818651709
51818700106, 51818701715
51818750103, 51818751707
51818800093, 51818801697
51818850110, 51818851714
51818900107, 51818901711
51818950100, 51818951704
51819000050, 51819001654
51819050075, 51819051679
51819100080, 51819101711
51819150093, 51819151745
51819200087, 51819201755
51819250084, 51819251768
51819300101, 51819301796
51819350090, 51819351795
51819400088, 51819401788
51819450097, 51819451797
51819500086, 51819501802
51819550095, 51819551838
51819600093, 51819601873
51819650102, 51819651925
51819700099, 51819701954
51819750096, 51819751978
51819800114, 51819802017
51819850107, 51819852026
51819900104, 51819902034
51819950117, 51819952052
51820000047, 51820001982
51820050080, 51820052015
51820100089, 51820102024
51820150078, 51820152013
51820200092, 51820202027
51820250089, 51820252008
51820300086, 51820301995
51820350083, 51820351981
51820400081, 51820401973
51820450082, 51820451974
51820500091, 51820501967
51820550084, 51820551950
51820600102, 51820601957
51820650099, 51820651943
51820700096, 51820701930
51820750093, 51820751911
51820800103, 51820801910
51820850100, 51820851891
51820900093, 51820901868
51820950114, 51820951873
51821000048, 51821001791
51821050101, 51821051822
51821100078, 51821101778
51821150091, 51821151775
51821200089, 51821201757
51821250082, 51821251729
51821300079, 51821301710
51821350092, 51821351706
51821400086, 51821401684
51821450083, 51821451660
51821500084, 51821501640
51821550097, 51821551637
51821600091, 51821601609
51821650100, 51821651597
51821700097, 51821701572
51821750090, 51821751544
51821800108, 51821801541
51821850105, 51821851516
51821900098, 51821901488
51821950115, 51821951484
51822000049, 51822001402
51822050078, 51822051415
51822100079, 51822101410
51822150092, 51822151418
51822200085, 51822201411
51822250099, 51822251425
51822300092, 51822301434
51822350085, 51822351448
51822400102, 51822401497
51822450099, 51822451532
51822500097, 51822501556
51822550106, 51822551587
51822600099, 51822601601
51822650092, 51822651610
51822700089, 51822701618
51822750107, 51822751647
51822800096, 51822801646
51822850113, 51822851674
51822900110, 51822901676
51822950103, 51822951675
51823000049, 51823001626
51823050074, 51823051651
51823100099, 51823101676
51823150084, 51823151661
51823200078, 51823201655
51823250099, 51823251676
51823300092, 51823301669
51823350085, 51823351662
51823400099, 51823401676
51823450092, 51823451669
51823500093, 51823501670
51823550102, 51823551668
51823600100, 51823601656
51823650093, 51823651633
51823700106, 51823701635
51823750099, 51823751623
51823800093, 51823801606
51823850110, 51823851612
51823900107, 51823901604
51823950124, 51823951616
51824000046, 51824001527
51824050075, 51824051545
51824100076, 51824101535
51824150089, 51824151532
51824200083, 51824201510
51824250096, 51824251502
51824300089, 51824301474
51824350086, 51824351449
51824400080, 51824401417
51824450093, 51824451403
51824500090, 51824501373
51824550083, 51824551334
51824600101, 51824601325
51824650098, 51824651290
51824700091, 51824701251
51824750108, 51824751236
51824800102, 51824801198
51824850091, 51824851155
51824900112, 51824901144
51824950105, 51824951105
51825000047, 51825001020
51825050076, 51825051022
51825100077, 51825101002
51825150086, 51825150984
51825200084, 51825200961
51825250081, 51825250936
51825300078, 51825300917
51825350095, 51825350924
51825400081, 51825400915
51825450098, 51825450948
51825500091, 51825500968
51825550088, 51825550997
51825600086, 51825601027
51825650103, 51825651076
51825700092, 51825701097
51825750109, 51825751135
51825800107, 51825801155
51825850100, 51825851169
51825900097, 51825901188
51825950094, 51825951211
51826000048, 51826001192
51826050073, 51826051249
51826100082, 51826101296
51826150091, 51826151353
51826200089, 51826201404
51826250082, 51826251467
51826300095, 51826301549
51826350088, 51826351622
51826400082, 51826401691
51826450083, 51826451767
51826500100, 51826501848
51826550085, 51826551892
51826600107, 51826601967
51826650100, 51826652009
51826700097, 51826702054
51826750090, 51826752095
51826800112, 51826802192
51826850101, 51826852255
51826900094, 51826902307
51826950115, 51826952387
51827000045, 51827002360
51827050070, 51827052428
51827100079, 51827102474
51827150084, 51827152506
51827200082, 51827202536
51827250079, 51827252565
51827300096, 51827302614
51827350093, 51827352643
51827400087, 51827402664
51827450096, 51827452689
51827500093, 51827502707
51827550094, 51827552698
51827600092, 51827602701
51827650089, 51827652698
51827700106, 51827702715
51827750095, 51827752704
51827800093, 51827802702
51827850090, 51827852699
51827900111, 51827902698
51827950104, 51827952670
51828000046, 51828002591
51828050075, 51828052588
51828100084, 51828102565
51828150097, 51828152540
51828200091, 51828202497
51828250088, 51828252451
51828300077, 51828302397
51828350098, 51828352375
51828400092, 51828402327
51828450093, 51828452290
51828500086, 51828502246
51828550083, 51828552200
51828600093, 51828602173
51828650090, 51828652127
51828700107, 51828702112
51828750104, 51828752082
51828800098, 51828802055
51828850095, 51828852030
51828900108, 51828902022
51828950101, 51828951988
51829000047, 51829001907
51829050072, 51829051906
51829100081, 51829101888
51829150090, 51829151881
51829200087, 51829201867
51829250081, 51829251851
51829300078, 51829301853
51829350095, 51829351870
51829400092, 51829401867
51829450101, 51829451876
51829500099, 51829501874
51829550096, 51829551882
51829600089, 51829601891
51829650086, 51829651909
51829700103, 51829701953
51829750093, 51829751969
51829800090, 51829801993
51829850111, 51829852041
51829900104, 51829902061
51829950101, 51829952079
51830000047, 51830002036
51830050076, 51830052059
51830100081, 51830102064
51830150094, 51830152077
51830200092, 51830202065
51830250085, 51830252047
51830300106, 51830302057
51830350095, 51830352052
51830400089, 51830402046
51830450086, 51830452043
51830500099, 51830502056
51830550100, 51830552057
51830600090, 51830602036
51830650087, 51830652017
51830700104, 51830702013
51830750101, 51830751988
51830800099, 51830801959
51830850096, 51830851919
51830900109, 51830901895
51830950106, 51830951843
51831000044, 51831001728
51831050073, 51831051704
51831100082, 51831101654
51831150091, 51831151604
51831200081, 51831201530
51831250078, 51831251463
51831300095, 51831301421
51831350088, 51831351355
51831400086, 51831401300
51831450103, 51831451268
51831500088, 51831501200
51831550089, 51831551153
51831600087, 51831601103
51831650104, 51831651077
51831700101, 51831701031
51831750090, 51831750988
51831800108, 51831800979
51831850105, 51831850950
51831900098, 51831900921
51831950095, 51831950897
51832000045, 51832000831
