# exposure_start_timestamp_us, exposure_end_timestamp_us
51932500062, 51932501372
51932550075, 51932551412
51932600065, 51932601428
51932650062, 51932651452
51932700079, 51932701490
51932750076, 51932751514
51932800074, 51932801533
51932850063, 51932851549
51932900080, 51932901598
51932950077, 51932951627
51933000019, 51933001601
51933050048, 51933051668
51933100057, 51933101709
51933150066, 51933151750
51933200064, 51933201780
51933250061, 51933251809
51933300054, 51933301834
51933350051, 51933351858
51933400073, 51933401907
51933450066, 51933451921
51933500067, 51933501927
51933550072, 51933551927
51933600070, 51933601925
51933650067, 51933651922
51933700060, 51933701915
51933750073, 51933751928
51933800067, 51933801933
51933850064, 51933851940
51933900081, 51933901952
51933950078, 51933951949
51934000016, 51934001903
51934050045, 51934051943
51934100050, 51934101959
51934150067, 51934151970
51934200061, 51934201964
51934250058, 51934251940
51934300047, 51934301913
51934350064, 51934351914
51934400062, 51934401890
51934450055, 51934451862
51934500068, 51934501854
51934550069, 51934551833
51934600059, 51934601796
51934650056, 51934651767
51934700077, 51934701761
51934750070, 51934751733
51934800068, 51934801709
51934850065, 51934851685
51934900078, 51934901676
51934950071, 51934951653
51935000017, 51935001578
51935050046, 51935051591
51935100051, 51935101580
51935150064, 51935151577
51935200057, 51935201559
51935250055, 51935251547
51935300052, 51935301527
51935350069, 51935351534
51935400066, 51935401515
51935450059, 51935451492
51935500073, 51935501490
51935550070, 51935551471
51935600067, 51935601457
51935650064, 51935651438
51935700061, 51935701419
51935750075, 51935751422
51935800072, 51935801403
51935850069, 51935851384
51935900066, 51935901360
51935950083, 51935951355
51936000017, 51936001268
51936050062, 51936051297
51936100043, 51936101257
51936150056, 51936151248
51936200054, 51936201230
51936250051, 51936251206
51936300068, 51936301201
51936350061, 51936351178
51936400059, 51936401155
51936450068, 51936451143
51936500057, 51936501116
51936550074, 51936551116
51936600064, 51936601090
51936650061, 51936651066
51936700058, 51936701047
51936750071, 51936751049
51936800065, 51936801027
51936850082, 51936851028
51936900067, 51936900997
51936950084, 51936950998
51937000014, 51937000912
51937050063, 51937050940
51937100040, 51937100901
51937150049, 51937150899
51937200063, 51937200902
51937250056, 51937250885
51937300049, 51937300867
51937350066, 51937350879
51937400060, 51937400867
51937450069, 51937450876
51937500050, 51937500857
51937550063, 51937550870
51937600057, 51937600870
51937650070, 51937650888
51937700063, 51937700892
51937750080, 51937750919
51937800070, 51937800920
51937850063, 51937850924
51937900080, 51937900951
51937950073, 51937950955
51938000015, 51938000908
51938050052, 51938050955
51938100061, 51938100975
51938150046, 51938150966
51938200044, 51938200969
51938250061, 51938250991
51938300054, 51938300990
51938350067, 51938351008
51938400061, 51938401013
51938450050, 51938451012
51938500063, 51938501031
51938550072, 51938551050
51938600066, 51938601050
51938650055, 51938651039
51938700076, 51938701060
51938750069, 51938751053
51938800063, 51938801036
51938850080, 51938851042
51938900073, 51938901025
51938950062, 51938951003
51939000016, 51939000941
51939050041, 51939050961
51939100046, 51939100960
51939150059, 51939150973
51939200049, 51939200963
51939250066, 51939250980
51939300059, 51939300973
51939350052, 51939350966
51939400070, 51939400990
51939450059, 51939450979
51939500064, 51939500973
51939550073, 51939550971
51939600071, 51939600964
51939650064, 51939650951
51939700061, 51939700943
51939750078, 51939750949
51939800068, 51939800929
51939850065, 51939850910
51939900082, 51939900911
51939950075, 51939950888
51940000017, 51940000814
51940050062, 51940050848
51940100063, 51940100838
51940150048, 51940150818
51940200066, 51940200830
51940250063, 51940250822
51940300056, 51940300815
51940350073, 51940350832
51940400063, 51940400822
51940450056, 51940450815
51940500057, 51940500816
51940550074, 51940550838
51940600068, 51940600838
51940650057, 51940650832
51940700074, 51940700855
51940750071, 51940750857
51940800065, 51940800856
51940850082, 51940850879
51940900075, 51940900877
51940950064, 51940950871
51941000014, 51941000816
51941050043, 51941050845
51941100048, 51941100855
51941150061, 51941150874
51941200058, 51941200876
51941250044, 51941250873
51941300065, 51941300899
51941350058, 51941350897
51941400051, 51941400896
51941450068, 51941450918
51941500070, 51941500925
51941550055, 51941550916
51941600072, 51941600938
51941650069, 51941650940
51941700062, 51941700939
51941750056, 51941750938
51941800073, 51941800960
51941850066, 51941850948
51941900059, 51941900941
51941950076, 51941950958
51942000014, 51942000896
51942050063, 51942050945
51942100064, 51942100946
51942150049, 51942150931
51942200047, 51942200929
51942250064, 51942250946
51942300061, 51942300932
51942350054, 51942350915
51942400068, 51942400923
51942450049, 51942450894
51942500066, 51942500900
51942550055, 51942550884
51942600073, 51942600891
51942650070, 51942650877
51942700059, 51942700856
51942750076, 51942750862
51942800074, 51942800855
51942850067, 51942850837
51942900064, 51942900828
51942950081, 51942950840
51943000015, 51943000769
51943050040, 51943050788
51943100049, 51943100792
51943150058, 51943150796
51943200056, 51943200788
51943250065, 51943250792
51943300058, 51943300780
51943350051, 51943350773
51943400069, 51943400791
51943450066, 51943450788
51943500067, 51943500789
51943550072, 51943550794
51943600066, 51943600788
51943650059, 51943650781
51943700056, 51943700778
51943750073, 51943750800
51943800067, 51943800799
51943850080, 51943850812
51943900077, 51943900809
51943950070, 51943950802
51944000016, 51944000754
51944050065, 51944050808
51944100070, 51944100818
51944150051, 51944150799
51944200049, 51944200797
51944250066, 51944250820
51944300063, 51944300822
51944350056, 51944350820
51944400074, 51944400833
51944450067, 51944450826
51944500056, 51944500815
51944550053, 51944550812
51944600071, 51944600830
51944650068, 51944650827
51944700057, 51944700816
51944750074, 51944750833
51944800072, 51944800831
51944850065, 51944850824
51944900062, 51944900826
51944950079, 51944950849
51945000013, 51945000788
51945050042, 51945050823
51945100047, 51945100828
51945150060, 51945150846
51945200058, 51945200849
51945250051, 51945250848
51945300064, 51945300866
51945350057, 51945350864
51945400055, 51945400857
51945450048, 51945450850
51945500061, 51945500863
51945550062, 51945550869
51945600052, 51945600865
51945650073, 51945650891
51945700066, 51945700889
51945750059, 51945750882
51945800077, 51945800900
51945850070, 51945850893
51945900063, 51945900892
51945950060, 51945950894
51946000014, 51946000853
51946050043, 51946050888
51946100048, 51946100898
51946150057, 51946150912
51946200055, 51946200916
51946250052, 51946250918
51946300045, 51946300916
51946350066, 51946350943
51946400064, 51946400946
51946450061, 51946450954
51946500054, 51946500952
51946550067, 51946550976
51946600061, 51946600981
51946650054, 51946650984
51946700071, 51946701007
51946750056, 51946750997
51946800074, 51946801020
51946850067, 51946851019
51946900060, 51946901022
51946950077, 51946951050
51947000015, 51947000999
51947050040, 51947051034
51947100045, 51947101050
51947150058, 51947151074
51947200052, 51947201078
51947250065, 51947251102
51947300054, 51947301107
51947350067, 51947351136
51947400061, 51947401146
51947450066, 51947451173
51947500059, 51947501187
51947550060, 51947551209
51947600074, 51947601239
51947650067, 51947651254
51947700060, 51947701268
51947750073, 51947751303
51947800067, 51947801323
51947850060, 51947851348
51947900073, 51947901393
51947950066, 51947951419
51948000012, 51948001397
51948050057, 51948051468
51948100038, 51948101476
51948150043, 51948151508
51948200040, 51948201537
51948250058, 51948251592
51948300051, 51948301612
51948350044, 51948351637
51948400061, 51948401692
51948450050, 51948451718
51948500052, 51948501757
51948550061, 51948551809
51948600054, 51948601845
51948650071, 51948651910
51948700064, 51948701946
51948750054, 51948751979
51948800071, 51948802028
51948850068, 51948852051
51948900061, 51948902066
51948950078, 51948952115
51949000012, 51949002092
51949050057, 51949052185
51949100038, 51949102225
51949150051, 51949152296
51949200045, 51949202338
51949250062, 51949252409
51949300055, 51949302450
51949350044, 51949352487
51949400062, 51949402559
51949450071, 51949452632
51949500060, 51949502696
51949550061, 51949552761
51949600051, 51949602810
51949650064, 51949652876
51949700057, 51949702922
51949750074, 51949752977
51949800068, 51949802955
51949850061, 51949852953
51949900070, 51949902957
51949950063, 51949952950
51950000013, 51950002900
51950050058, 51950052945
51950100063, 51950102950
51950150048, 51950152919
51950200062, 51950202917
51950250055, 51950252883
51950300048, 51950302839
51950350065, 51950352797
51950400063, 51950402731
51950450060, 51950452653
51950500065, 51950502578
51950550058, 51950552490
51950600052, 51950602404
51950650069, 51950652336
51950700062, 51950702249
51950750079, 51950752185
51950800069, 51950802100
51950850062, 51950852024
51950900079, 51950901977
51950950072, 51950951911
51951000014, 51951001800
51951050055, 51951051787
51951100064, 51951101748
51951150049, 51951151690
51951200043, 51951201641
51951250060, 51951251621
51951300053, 51951301577
51951350066, 51951351558
51951400060, 51951401519
51951450057, 51951451490
51951500070, 51951501481
51951550067, 51951551457
51951600061, 51951601430
51951650070, 51951651417
51951700067, 51951701398
51951750060, 51951751375
51951800078, 51951801377
51951850071, 51951851359
51951900068, 51951901346
51951950077, 51951951344
51952000011, 51952001273
51952050040, 51952051296
51952100041, 51952101297
51952150050, 51952151306
51952200040, 51952201296
51952250057, 51952251313
51952300054, 51952301310
51952350047, 51952351303
51952400065, 51952401321
51952450066, 51952451322
51952500047, 51952501303
51952550064, 51952551320
51952600058, 51952601314
51952650055, 51952651311
51952700072, 51952701328
51952750065, 51952751321
51952800055, 51952801311
51952850072, 51952851328
51952900065, 51952901321
51952950062, 51952951318
51953000012, 51953001268
51953050041, 51953051297
51953100038, 51953101294
51953150051, 51953151307
51953200045, 51953201301
51953250058, 51953251325
51953300051, 51953301313
51953350068, 51953351330
51953400058, 51953401330
51953450063, 51953451341
51953500056, 51953501344
51953550061, 51953551355
51953600055, 51953601359
51953650064, 51953651374
51953700057, 51953701377
51953750074, 51953751400
51953800068, 51953801388
51953850061, 51953851381
51953900078, 51953901398
51953950063, 51953951383
51954000013, 51954001333
51954050038, 51954051358
51954100047, 51954101367
51954150056, 51954151376
51954200053, 51954201373
51954250063, 51954251383
51954300056, 51954301376
51954350053, 51954351373
51954400050, 51954401360
51954450055, 51954451354
51954500069, 51954501352
51954550054, 51954551321
51954600071, 51954601317
51954650064, 51954651283
51954700057, 51954701249
51954750075, 51954751235
51954800064, 51954801192
51954850057, 51954851153
51954900074, 51954901138
51954950071, 51954951108
51955000009, 51955001019
51955050042, 51955051026
51955100043, 51955101000
51955150056, 51955150992
51955200050, 51955200975
51955250043, 51955250957
51955300060, 51955300969
51955350057, 51955350966
51955400043, 51955400952
51955450052, 51955450961
51955500061, 51955500970
51955550054, 51955550963
51955600048, 51955600957
51955650065, 51955650974
51955700054, 51955700963
51955750071, 51955750980
51955800065, 51955800979
51955850062, 51955850982
51955900055, 51955900980
51955950072, 51955950992
51956000010, 51956000930
51956050035, 51956050965
51956100040, 51956100976
51956150053, 51956150994
51956200047, 51956200993
51956250060, 51956251012
51956300053, 51956301010
51956350046, 51956351014
51956400044, 51956401017
51956450049, 51956451027
51956500062, 51956501051
51956550067, 51956551061
51956600065, 51956601065
51956650058, 51956651068
51956700055, 51956701076
51956750072, 51956751098
51956800066, 51956801098
51956850055, 51956851081
51956900072, 51956901114
51956950069, 51956951133
51957000011, 51957001102
51957050040, 51957051163
51957100045, 51957101200
51957150054, 51957151235
51957200052, 51957201266
51957250045, 51957251291
51957300062, 51957301345
51957350055, 51957351370
51957400065, 51957401418
51957450058, 51957451443
51957500059, 51957501476
51957550048, 51957551491
51957600066, 51957601536
51957650059, 51957651551
51957700072, 51957701590
51957750065, 51957751599
51957800059, 51957801609
51957850076, 51957851637
51957900069, 51957901641
51957950066, 51957951632
51958000008, 51958001574
51958050033, 51958051599
51958100038, 51958101604
51958150051, 51958151617
51958200049, 51958201615
51958250042, 51958251608
51958300055, 51958301621
51958350048, 51958351604
51958400046, 51958401591
51958450043, 51958451577
51958500052, 51958501570
51958550045, 51958551547
51958600063, 51958601549
51958650056, 51958651526
51958700053, 51958701502
51958750070, 51958751503
51958800068, 51958801490
51958850057, 51958851463
51958900074, 51958901464
51958950067, 51958951441
51959000009, 51959001367
51959050038, 51959051380
51959100047, 51959101367
51959150052, 51959151351
51959200050, 51959201322
51959250043, 51959251283
51959300060, 51959301263
51959350053, 51959351218
51959400047, 51959401175
51959450060, 51959451151
51959500061, 51959501114
51959550050, 51959551066
51959600048, 51959601026
51959650065, 51959651011
51959700058, 51959700978
51959750067, 51959750960
51959800061, 51959800938
51959850054, 51959850915
51959900071, 51959900926
51959950064, 51959950914
51960000010, 51960000860
51960050035, 51960050885
51960100044, 51960100894
51960150053, 51960150903
51960200051, 51960200901
51960250044, 51960250894
51960300053, 51960300903
51960350050, 51960350895
51960400044, 51960400883
51960450061, 51960450895
51960500058, 51960500892
51960550051, 51960550885
51960600065, 51960600899
51960650058, 51960650892
51960700051, 51960700885
51960750072, 51960750917
51960800066, 51960800921
51960850059, 51960850930
51960900072, 51960900959
51960950069, 51960950972
51961000011, 51961000936
51961050036, 51961050982
51961100045, 51961101013
51961150050, 51961151050
51961200047, 51961201084
51961250041, 51961251116
51961300062, 51961301174
51961350055, 51961351204
51961400048, 51961401235
51961450045, 51961451269
51961500059, 51961501315
51961550052, 51961551340
51961600049, 51961601364
51961650066, 51961651408
51961700063, 51961701432
51961750073, 51961751463
51961800070, 51961801471
51961850063, 51961851480
51961900060, 51961901487
51961950077, 51961951515
51962000011, 51962001460
51962050052, 51962051495
51962100037, 51962101480
51962150050, 51962151493
51962200048, 51962201491
51962250041, 51962251468
51962300062, 51962301473
51962350047, 51962351442
51962400065, 51962401439
51962450062, 51962451420
51962500051, 51962501388
51962550048, 51962551363
51962600062, 51962601356
51962650055, 51962651333
51962700072, 51962701328
51962750065, 51962751300
51962800059, 51962801267
51962850076, 51962851268
51962900065, 51962901236
51962950062, 51962951217
51963000008, 51963001147
51963050037, 51963051160
51963100046, 51963101147
51963150055, 51963151140
51963200045, 51963201109
51963250038, 51963251080
51963300055, 51963301071
51963350052, 51963351041
51963400046, 51963401008
51963450043, 51963450973
51963500044, 51963500942
51963550053, 51963550919
51963600047, 51963600886
51963650064, 51963650877
51963700057, 51963700843
51963750074, 51963750833
51963800064, 51963800802
51963850057, 51963850773
51963900054, 51963900754
51963950071, 51963950755
51964000009, 51964000683
51964050050, 51964050718
51964100055, 51964100718
51964150044, 51964150702
51964200042, 51964200694
51964250039, 51964250691
51964300056, 51964300708
51964350045, 51964350697
51964400063, 51964400715
51964450060, 51964450712
51964500053, 51964500700
51964550050, 51964550692
51964600048, 51964600690
51964650057, 51964650699
51964700054, 51964700696
51964750071, 51964750713
51964800069, 51964800711
51964850066, 51964850708
51964900083, 51964900725
51964950068, 51964950710
51965000010, 51965000652
51965050035, 51965050677
51965100040, 51965100682
51965150053, 51965150695
51965200043, 51965200685
51965250040, 51965250682
51965300057, 51965300699
51965350054, 51965350696
51965400048, 51965400690
51965450045, 51965450687
51965500050, 51965500692
51965550055, 51965550697
51965600053, 51965600695
51965650070, 51965650712
51965700063, 51965700705
51965750056, 51965750703
51965800070, 51965800722
51965850067, 51965850725
51965900060, 51965900723
51965950057, 51965950725
51966000007, 51966000675
51966050060, 51966050728
51966100033, 51966100701
51966150050, 51966150718
51966200048, 51966200716
51966250041, 51966250715
51966300058, 51966300737
51966350047, 51966350731
51966400041, 51966400731
51966450062, 51966450757
51966500055, 51966500745
51966550052, 51966550742
51966600050, 51966600745
51966650063, 51966650763
51966700056, 51966700762
51966750049, 51966750760
51966800071, 51966800787
51966850064, 51966850786
51966900061, 51966900788
51966950074, 51966950806
51967000008, 51967000746
51967050037, 51967050780
51967100042, 51967100790
51967150055, 51967150809
51967200053, 51967200812
51967250042, 51967250806
51967300039, 51967300798
51967350056, 51967350815
51967400054, 51967400818
51967450051, 51967450821
51967500072, 51967500847
51967550057, 51967550838
51967600051, 51967600842
51967650068, 51967650870
51967700061, 51967700874
51967750058, 51967750881
51967800068, 51967800907
51967850061, 51967850911
51967900058, 51967900919
51967950075, 51967950946
51968000009, 51968000886
51968050038, 51968050920
51968100035, 51968100912
51968150048, 51968150925
51968200041, 51968200918
51968250039, 51968250905
51968300056, 51968300911
51968350053, 51968350898
51968400062, 51968400891
51968450059, 51968450872
51968500045, 51968500842
51968550050, 51968550831
51968600047, 51968600811
51968650064, 51968650812
51968700053, 51968700785
51968750071, 51968750793
51968800064, 51968800780
51968850061, 51968850772
51968900054, 51968900760
51968950071, 51968950777
51969000005, 51969000711
51969050034, 51969050740
51969100039, 51969100750
51969150052, 51969150768
51969200046, 51969200757
51969250035, 51969250746
51969300056, 51969300772
51969350049, 51969350765
51969400047, 51969400763
51969450040, 51969450762
51969500053, 51969500780
51969550050, 51969550782
51969600044, 51969600782
51969650061, 51969650804
51969700054, 51969700802
51969750047, 51969750795
51969800069, 51969800823
51969850058, 51969850822
51969900051, 51969900826
51969950068, 51969950859
51970000006, 51970000819
51970050031, 51970050865
51970100032, 51970100882
51970150041, 51970150907
51970200039, 51970200926
51970250056, 51970250959
51970300053, 51970300973
51970350046, 51970350982
51970400060, 51970401006
51970450053, 51970451010
51970500046, 51970501014
51970550047, 51970551025
51970600065, 51970601059
51970650062, 51970651067
51970700051, 51970701061
51970750068, 51970751073
51970800066, 51970801071
51970850059, 51970851064
51970900052, 51970901057
51970950069, 51970951074
51971000007, 51971001012
51971050040, 51971051045
51971100045, 51971101050
51971150034, 51971151039
51971200052, 51971201057
51971250049, 51971251043
51971300058, 51971301047
51971350055, 51971351033
51971400049, 51971401017
51971450058, 51971451020
51971500051, 51971501008
51971550064, 51971551016
51971600054, 51971601000
51971650047, 51971650993
51971700064, 51971701010
51971750061, 51971751007
51971800055, 51971801001
51971850068, 51971851004
51971900065, 51971900995
51971950062, 51971950987
51972000008, 51972000928
51972050053, 51972050967
51972100038, 51972100941
51972150043, 51972150936
51972200041, 51972200923
51972250058, 51972250929
51972300055, 51972300910
51972350048, 51972350887
51972400046, 51972400875
51972450059, 51972450872
51972500044, 51972500846
51972550053, 51972550844
51972600051, 51972600832
51972650068, 51972650832
51972700065, 51972700813
51972750054, 51972750786
51972800072, 51972800788
51972850065, 51972850771
51972900058, 51972900758
51972950075, 51972950775
51973000005, 51973000705
51973050034, 51973050734
51973100039, 51973100739
51973150052, 51973150752
51973200046, 51973200752
51973250039, 51973250750
51973300052, 51973300768
51973350045, 51973350756
51973400039, 51973400750
51973450060, 51973450776
51973500049, 51973500765
51973550050, 51973550772
51973600064, 51973600791
51973650057, 51973650789
51973700054, 51973700792
51973750047, 51973750790
51973800065, 51973800813
51973850062, 51973850816
51973900051, 51973900810
51973950068, 51973950832
51974000006, 51974000781
51974050031, 51974050812
51974100036, 51974100827
51974150045, 51974150842
51974200042, 51974200849
51974250036, 51974250849
51974300053, 51974300876
51974350050, 51974350884
51974400047, 51974400892
51974450056, 51974450911
51974500062, 51974500928
51974550051, 51974550928
51974600048, 51974600935
51974650065, 51974650958
51974700058, 51974700956
51974750048, 51974750941
51974800069, 51974800962
51974850066, 51974850959
51974900059, 51974900952
51974950056, 51974950949
51975000006, 51975000899
51975050031, 51975050924
51975100040, 51975100933
51975150049, 51975150942
51975200047, 51975200940
51975250040, 51975250933
51975300057, 51975300950
51975350042, 51975350929
51975400040, 51975400922
51975450057, 51975450934
51975500050, 51975500921
51975550043, 51975550909
51975600057, 51975600918
51975650050, 51975650911
51975700067, 51975700928
51975750060, 51975750921
51975800054, 51975800915
51975850051, 51975850912
51975900060, 51975900921
51975950057, 51975950918
51976000007, 51976000868
51976050036, 51976050902
51976100041, 51976100912
51976150054, 51976150931
51976200044, 51976200926
51976250041, 51976250928
51976300058, 51976300951
51976350055, 51976350953
51976400049, 51976400952
51976450046, 51976450949
51976500043, 51976500946
51976550056, 51976550959
51976600050, 51976600953
51976650047, 51976650950
51976700068, 51976700966
51976750053, 51976750946
51976800051, 51976800944
51976850072, 51976850965
51976900065, 51976900958
51976950058, 51976950951
51977000004, 51977000897
51977050049, 51977050942
51977100030, 51977100923
51977150043, 51977150936
51977200041, 51977200934
51977250038, 51977250931
51977300035, 51977300928
51977350048, 51977350941
51977400042, 51977400935
51977450039, 51977450932
51977500044, 51977500937
51977550057, 51977550950
51977600055, 51977600953
51977650048, 51977650951
51977700061, 51977700964
51977750058, 51977750961
51977800052, 51977800955
51977850049, 51977850952
51977900066, 51977900969
51977950055, 51977950958
51978000005, 51978000908
51978050054, 51978050957
51978100031, 51978100934
51978150044, 51978150947
51978200034, 51978200937
51978250051, 51978250954
51978300048, 51978300951
51978350041, 51978350944
51978400059, 51978400962
51978450056, 51978450959
51978500057, 51978500960
51978550062, 51978550965
51978600056, 51978600965
51978650053, 51978650967
51978700046, 51978700966
51978750063, 51978750988
51978800053, 51978800973
51978850050, 51978850970
51978900067, 51978900987
51978950064, 51978950984
51979000006, 51979000926
51979050059, 51979050979
51979100036, 51979100956
51979150049, 51979150969
51979200043, 51979200963
51979250040, 51979250965
51979300057, 51979300993
51979350046, 51979350992
51979400040, 51979400992
51979450057, 51979451014
51979500042, 51979501004
51979550051, 51979551008
51979600045, 51979601002
51979650058, 51979651015
51979700055, 51979701017
51979750068, 51979751041
51979800066, 51979801050
51979850059, 51979851053
51979900052, 51979901057
51979950065, 51979951081
51980000003, 51980001029
51980050032, 51980051064
51980100037, 51980101079
51980150050, 51980151098
51980200048, 51980201101
51980250037, 51980251096
51980300054, 51980301113
51980350051, 51980351110
51980400045, 51980401104
51980450042, 51980451095
51980500067, 51980501109
51980550052, 51980551084
51980600050, 51980601071
51980650043, 51980651053
51980700060, 51980701054
51980750057, 51980751041
51980800047, 51980801020
51980850064, 51980851021
51980900061, 51980901002
51980950054, 51980950984
51981000004, 51981000924
51981050033, 51981050947
51981100034, 51981100948
51981150047, 51981150961
51981200044, 51981200958
51981250042, 51981250956
51981300039, 51981300948
51981350056, 51981350959
51981400045, 51981400948
51981450042, 51981450945
51981500044, 51981500947
51981550057, 51981550960
51981600050, 51981600959
51981650047, 51981650961
51981700060, 51981700980
51981750058, 51981750983
51981800051, 51981800981
51981850068, 51981851004
51981900065, 51981901001
51981950050, 51981950986
51982000004, 51982000940
51982050033, 51982050979
51982100038, 51982100990
51982150051, 51982151013
51982200049, 51982201022
51982250038, 51982251022
51982300035, 51982301035
51982350052, 51982351068
51982400050, 51982401087
51982450047, 51982451106
51982500052, 51982501127
51982550057, 51982551153
51982600055, 51982601172
51982650048, 51982651187
51982700045, 51982701205
51982750066, 51982751247
51982800060, 51982801263
51982850049, 51982851273
51982900070, 51982901305
51982950063, 51982951309
51983000005, 51983001245
51983050054, 51983051294
51983100059, 51983101283
51983150040, 51983151248
51983200038, 51983201219
51983250035, 51983251190
51983300052, 51983301180
51983350049, 51983351150
51983400059, 51983401128
51983450056, 51983451098
51983500057, 51983501078
51983550050, 51983551044
51983600044, 51983601022
51983650061, 51983651023
51983700050, 51983700996
51983750047, 51983750983
51983800069, 51983800994
51983850062, 51983850982
51983900059, 51983900979
51983950052, 51983950972
51984000002, 51984000922
51984050027, 51984050947
51984100032, 51984100952
51984150045, 51984150965
51984200043, 51984200963
51984250040, 51984250965
51984300053, 51984300983
51984350046, 51984350982
51984400044, 51984400985
51984450041, 51984450987
51984500050, 51984501002
51984550055, 51984551012
51984600049, 51984601011
51984650046, 51984651003
51984700043, 51984701000
51984750060, 51984751022
51984800058, 51984801026
51984850047, 51984851025
51984900068, 51984901057
51984950061, 51984951066
51985000003, 51985001019
51985050028, 51985051054
51985100033, 51985101070
51985150042, 51985151084
51985200040, 51985201088
51985250037, 51985251090
51985300034, 51985301093
51985350055, 51985351119
51985400049, 51985401113
51985450038, 51985451102
51985500039, 51985501103
51985550056, 51985551120
51985600054, 51985601118
51985650051, 51985651115
51985700068, 51985701132
51985750061, 51985751125
51985800055, 51985801119
51985850052, 51985851116
51985900069, 51985901133
51985950066, 51985951130
51986000004, 51986001068
51986050029, 51986051093
51986100034, 51986101098
51986150047, 51986151116
51986200045, 51986201125
51986250038, 51986251129
51986300051, 51986301147
51986350044, 51986351145
51986400042, 51986401149
51986450039, 51986451146
51986500044, 51986501151
51986550049, 51986551156
51986600043, 51986601150
51986650060, 51986651177
51986700057, 51986701185
51986750054, 51986751193
51986800048, 51986801197
51986850069, 51986851229
51986900058, 51986901229
51986950055, 51986951231
51987000005, 51987001192
51987050050, 51987051242
51987100035, 51987101238
51987150040, 51987151254
51987200038, 51987201262
51987250035, 51987251270
51987300052, 51987301292
51987350049, 51987351284
51987400043, 51987401278
51987450056, 51987451291
51987500049, 51987501284
51987550046, 51987551281
51987600044, 51987601279
51987650065, 51987651300
51987700062, 51987701297
51987750051, 51987751286
51987800077, 51987801323
51987850074, 51987851325
51987900063, 51987901325
51987950056, 51987951323
51988000002, 51988001274
51988050051, 51988051329
51988100028, 51988101316
51988150041, 51988151335
51988200038, 51988201342
51988250032, 51988251342
51988300049, 51988301353
51988350038, 51988351342
51988400055, 51988401359
51988450056, 51988451360
51988500046, 51988501350
51988550039, 51988551333
51988600052, 51988601340
51988650045, 51988651333
51988700066, 51988701354
51988750056, 51988751344
51988800049, 51988801337
51988850074, 51988851362
51988900055, 51988901343
51988950052, 51988951340
51989000002, 51989001290
51989050027, 51989051315
51989100036, 51989101324
51989150049, 51989151337
51989200039, 51989201327
51989250032, 51989251320
51989300049, 51989301337
51989350042, 51989351330
51989400040, 51989401328
51989450057, 51989451345
51989500038, 51989501326
51989550063, 51989551351
51989600053, 51989601341
51989650050, 51989651338
51989700043, 51989701331
51989750056, 51989751344
51989800050, 51989801338
51989850047, 51989851335
51989900068, 51989901356
51989950065, 51989951353
51990000003, 51990001291
51990050048, 51990051336
51990100053, 51990101341
51990150038, 51990151326
51990200036, 51990201324
51990250053, 51990251341
51990300050, 51990301338
51990350039, 51990351317
51990400057, 51990401329
51990450050, 51990451322
51990500039, 51990501311
51990550064, 51990551336
51990600062, 51990601324
51990650047, 51990651303
51990700068, 51990701319
51990750065, 51990751316
51990800063, 51990801314
51990850052, 51990851303
51990900077, 51990901328
51990950066, 51990951317
51991000000, 51991001251
51991050033, 51991051284
51991100038, 51991101289
51991150047, 51991151298
51991200037, 51991201288
51991250030, 51991251281
51991300047, 51991301287
51991350040, 51991351275
51991400034, 51991401269
51991450059, 51991451294
51991500036, 51991501271
51991550065, 51991551300
51991600059, 51991601294
51991650048, 51991651283
51991700045, 51991701280
51991750066, 51991751301
51991800052, 51991801287
51991850045, 51991851280
51991900070, 51991901305
51991950063, 51991951298
51992000001, 51992001236
51992050058, 51992051293
51992100027, 51992101262
51992150040, 51992151275
51992200038, 51992201273
51992250035, 51992251270
51992300060, 51992301295
51992350041, 51992351276
51992400039, 51992401263
51992450064, 51992451278
51992500045, 51992501253
51992550042, 51992551240
51992600040, 51992601232
51992650057, 51992651249
51992700046, 51992701238
51992750071, 51992751263
51992800065, 51992801257
51992850062, 51992851254
51992900055, 51992901247
51992950068, 51992951260
51993000002, 51993001194
51993050027, 51993051219
51993100036, 51993101228
51993150053, 51993151245
51993200043, 51993201235
51993250032, 51993251224
51993300057, 51993301249
51993350054, 51993351246
51993400044, 51993401236
51993450041, 51993451233
51993500058, 51993501250
51993550051, 51993551249
51993600041, 51993601244
51993650066, 51993651280
51993700063, 51993701282
51993750056, 51993751280
51993800070, 51993801300
51993850067, 51993851302
51993900060, 51993901295
51993950057, 51993951292
51994000003, 51994001238
51994050032, 51994051267
51994100033, 51994101268
51994150050, 51994151285
51994200047, 51994201282
51994250037, 51994251272
51994300034, 51994301269
51994350055, 51994351290
51994400040, 51994401275
51994450065, 51994451300
51994500051, 51994501286
51994550052, 51994551287
51994600069, 51994601304
51994650062, 51994651297
51994700051, 51994701286
51994750073, 51994751308
51994800066, 51994801301
51994850063, 51994851287
51994900060, 51994901279
51994950077, 51994951296
51994999999, 51995001218
51995050032, 51995051251
51995100045, 51995101264
51995150026, 51995151245
51995200052, 51995201271
51995250045, 51995251264
51995300034, 51995301253
51995350059, 51995351267
51995400053, 51995401256
51995450058, 51995451256
51995500047, 51995501245
51995550056, 51995551254
51995600054, 51995601252
51995650047, 51995651245
51995700044, 51995701242
51995750061, 51995751259
51995800059, 51995801257
51995850072, 51995851270
51995900065, 51995901263
51995950062, 51995951260
51996000000, 51996001198
51996050029, 51996051227
51996100030, 51996101228
51996150047, 51996151245
51996200045, 51996201243
51996250042, 51996251240
51996300031, 51996301229
51996350056, 51996351254
51996400046, 51996401244
51996450039, 51996451237
51996500056, 51996501254
51996550053, 51996551251
51996600051, 51996601249
51996650044, 51996651231
51996700057, 51996701238
51996750054, 51996751235
51996800052, 51996801233
51996850069, 51996851250
51996900066, 51996901247
51996950059, 51996951240
51997000001, 51997001182
51997050030, 51997051201
51997100043, 51997101208
51997150056, 51997151216
51997200054, 51997201209
51997250051, 51997251200
51997300040, 51997301189
51997350061, 51997351210
51997400055, 51997401204
51997450052, 51997451201
51997500045, 51997501194
51997550070, 51997551219
51997600060, 51997601209
51997650057, 51997651212
51997700050, 51997701210
51997750071, 51997751236
51997800065, 51997801230
51997850058, 51997851223
51997900055, 51997901220
51997950072, 51997951237
51998000002, 51998001167
51998050035, 51998051200
51998100040, 51998101195
51998150049, 51998151198
51998200047, 51998201186
51998250044, 51998251177
51998300041, 51998301169
51998350058, 51998351186
51998400052, 51998401180
51998450045, 51998451173
51998500062, 51998501185
51998550055, 51998551172
51998600053, 51998601165
51998650046, 51998651153
51998700067, 51998701168
51998750056, 51998751152
51998800054, 51998801145
51998850051, 51998851142
51998900068, 51998901159
51998950065, 51998951156
51998999999, 51999001090
51999050028, 51999051119
51999100037, 51999101128
51999150050, 51999151141
51999200048, 51999201139
51999250041, 51999251132
51999300054, 51999301145
51999350047, 51999351138
51999400041, 51999401142
51999450038, 51999451145
51999500047, 51999501164
51999550048, 51999551176
51999600062, 51999601201
51999650059, 51999651203
51999700052, 51999701201
51999750045, 51999751200
51999800067, 51999801216
51999850060, 51999851209
51999900049, 51999901204
51999950046, 51999951211
52000000000, 52000001171
52000050033, 52000051209
52000100038, 52000101225
52000150047, 52000151239
52000200045, 52000201237
52000250038, 52000251230
52000300035, 52000301227
52000350052, 52000351244
52000400050, 52000401242
52000450039, 52000451231
52000500052, 52000501244
52000550053, 52000551245
52000600047, 52000601239
52000650044, 52000651236
52000700065, 52000701246
52000750050, 52000751226
52000800048, 52000801224
52000850065, 52000851241
52000900058, 52000901234
52000950055, 52000951231
52001000001, 52001001177
52001050034, 52001051199
52001100043, 52001101203
52001150052, 52001151212
52001200049, 52001201209
52001250047, 52001251207
52001300064, 52001301224
52001350053, 52001351202
52001400050, 52001401194
52001450047, 52001451191
52001500045, 52001501189
52001550062, 52001551206
52001600051, 52001601195
52001650044, 52001651177
52001700041, 52001701169
52001750059, 52001751182
52001800056, 52001801179
52001850049, 52001851172
52001900062, 52001901185
52001950059, 52001951182
52002000001, 52002001124
52002050030, 52002051153
52002100039, 52002101162
52002150052, 52002151175
52002200046, 52002201174
52002250043, 52002251176
52002300036, 52002301175
52002350057, 52002351201
52002400051, 52002401200
52002450048, 52002451197
52002500037, 52002501186
52002550050, 52002551199
52002600048, 52002601187
52002650045, 52002651178
52002700062, 52002701185
52002750051, 52002751168
52002800049, 52002801156
52002850066, 52002851162
52002900063, 52002901148
52002950060, 52002951135
52002999998, 52003001062
52003050051, 52003051104
52003100032, 52003101074
52003150045, 52003151082
52003200039, 52003201076
52003250036, 52003251073
52003300053, 52003301090
52003350042, 52003351079
52003400040, 52003401077
52003450033, 52003451075
52003500038, 52003501086
52003550047, 52003551089
52003600041, 52003601083
52003650054, 52003651102
52003700051, 52003701104
52003750044, 52003751103
52003800042, 52003801111
52003850063, 52003851138
52003900060, 52003901140
52003950049, 52003951124
52003999999, 52004001074
52004050028, 52004051103
52004100033, 52004101108
52004150046, 52004151121
52004200040, 52004201115
52004250033, 52004251108
52004300030, 52004301110
52004350047, 52004351132
52004400045, 52004401136
52004450038, 52004451134
52004500039, 52004501140
52004550044, 52004551151
52004600042, 52004601154
52004650059, 52004651171
52004700056, 52004701168
52004750053, 52004751165
52004800063, 52004801180
52004850060, 52004851183
52004900053, 52004901176
52004950050, 52004951173
52005000000, 52005001123
52005050053, 52005051181
52005100030, 52005101163
52005150043, 52005151182
52005200041, 52005201174
52005250038, 52005251171
52005300035, 52005301174
52005350044, 52005351188
52005400042, 52005401186
52005450039, 52005451183
52005500056, 52005501200
52005550057, 52005551201
52005600051, 52005601195
52005650044, 52005651188
52005700061, 52005701205
52005750058, 52005751202
52005800052, 52005801196
52005850049, 52005851193
52005900046, 52005901190
52005950059, 52005951203
52005999997, 52006001141
52006050034, 52006051183
52006100039, 52006101194
52006150028, 52006151177
52006200050, 52006201199
52006250039, 52006251194
52006300036, 52006301201
52006350033, 52006351209
52006400031, 52006401218
52006450052, 52006451250
52006500033, 52006501241
52006550034, 52006551253
52006600052, 52006601282
52006650049, 52006651295
52006700046, 52006701308
52006750043, 52006751315
52006800057, 52006801340
52006850054, 52006851353
52006900051, 52006901366
52006950044, 52006951375
52006999998, 52007001345
52007050035, 52007051398
52007100036, 52007101415
52007150025, 52007151415
52007200046, 52007201452
52007250040, 52007251457
52007300033, 52007301460
52007350050, 52007351488
52007400039, 52007401488
52007450040, 52007451499
52007500034, 52007501499
52007550043, 52007551502
52007600036, 52007601495
52007650057, 52007651516
52007700046, 52007701505
52007750040, 52007751499
52007800061, 52007801520
52007850054, 52007851503
52007900051, 52007901489
52007950064, 52007951486
52007999998, 52008001409
52008050027, 52008051422
52008100032, 52008101411
52008150025, 52008151388
52008200047, 52008201394
52008250036, 52008251367
52008300033, 52008301353
52008350050, 52008351360
52008400048, 52008401352
52008450041, 52008451345
52008500034, 52008501338
52008550047, 52008551351
52008600045, 52008601339
52008650042, 52008651320
52008700039, 52008701306
52008750056, 52008751312
52008800054, 52008801294
52008850043, 52008851267
52008900060, 52008901268
52008950053, 52008951251
52008999999, 52009001186
52009050028, 52009051209
52009100025, 52009101206
52009150042, 52009151223
52009200036, 52009201207
52009250033, 52009251198
52009300050, 52009301210
52009350047, 52009351196
52009400041, 52009401180
52009450034, 52009451167
52009500043, 52009501171
52009550048, 52009551171
52009600042, 52009601159
52009650059, 52009651166
52009700048, 52009701149
52009750045, 52009751141
52009800063, 52009801159
52009850060, 52009851156
52009900053, 52009901149
52009950050, 52009951146
52009999996, 52010001092
52010050025, 52010051121
52010100030, 52010101126
52010150043, 52010151139
52010200041, 52010201137
52010250038, 52010251134
52010300027, 52010301123
52010350048, 52010351149
52010400042, 52010401149
52010450039, 52010451151
52010500044, 52010501167
52010550045, 52010551173
52010600039, 52010601172
52010650036, 52010651175
52010700053, 52010701197
52010750050, 52010751199
52010800044, 52010801204
52010850057, 52010851228
52010900050, 52010901231
52010950047, 52010951234
52010999997, 52011001178
52011050026, 52011051207
52011100031, 52011101212
52011150040, 52011151221
52011200038, 52011201219
52011250031, 52011251212
52011300048, 52011301229
52011350045, 52011351226
52011400043, 52011401224
52011450032, 52011451213
52011500041, 52011501222
52011550042, 52011551223
52011600040, 52011601221
52011650057, 52011651238
52011700054, 52011701235
52011750043, 52011751224
52011800061, 52011801242
52011850058, 52011851239
52011900055, 52011901236
52011950052, 52011951223
52011999998, 52012001163
52012050027, 52012051192
52012100036, 52012101201
52012150025, 52012151190
52012200047, 52012201212
52012250040, 52012251205
52012300029, 52012301194
52012350050, 52012351215
52012400044, 52012401209
52012450041, 52012451206
52012500050, 52012501215
52012550055, 52012551220
52012600045, 52012601210
52012650038, 52012651203
52012700059, 52012701224
52012750052, 52012751207
52012800050, 52012801199
52012850071, 52012851215
52012900060, 52012901199
52012950053, 52012951186
52012999995, 52013001123
52013050020, 52013051148
52013100029, 52013101157
52013150034, 52013151162
52013200032, 52013201160
52013250029, 52013251157
52013300026, 52013301154
52013350043, 52013351171
52013400041, 52013401169
52013450034, 52013451162
52013500035, 52013501163
52013550048, 52013551176
52013600042, 52013601170
52013650039, 52013651167
52013700056, 52013701184
52013750045, 52013751173
52013800039, 52013801167
52013850056, 52013851184
52013900053, 52013901181
52013950046, 52013951174
52013999996, 52014001124
52014050029, 52014051157
52014100034, 52014101162
52014150023, 52014151151
52014200044, 52014201172
52014250038, 52014251171
52014300027, 52014301166
52014350048, 52014351192
52014400045, 52014401194
52014450038, 52014451187
52014500040, 52014501189
52014550033, 52014551188
52014600046, 52014601206
52014650043, 52014651203
52014700040, 52014701200
52014750058, 52014751223
52014800055, 52014801226
52014850048, 52014851224
52014900061, 52014901242
52014950054, 52014951241
52014999996, 52015001188
52015050025, 52015051228
52015100034, 52015101248
52015150043, 52015151262
52015200037, 52015201261
52015250030, 52015251260
52015300027, 52015301262
52015350048, 52015351294
52015400042, 52015401298
52015450039, 52015451306
52015500044, 52015501322
52015550045, 52015551333
52015600039, 52015601333
52015650036, 52015651340
52015700053, 52015701363
52015750046, 52015751366
52015800040, 52015801377
52015850061, 52015851414
52015900054, 52015901423
52015950051, 52015951436
52015999997, 52016001398
52016050042, 52016051453
52016100043, 52016101465
52016150032, 52016151459
52016200034, 52016201461
52016250027, 52016251454
52016300048, 52016301475
52016350037, 52016351464
52016400035, 52016401462
52016450052, 52016451490
52016500041, 52016501484
52016550046, 52016551489
52016600044, 52016601487
52016650057, 52016651500
52016700050, 52016701493
52016750047, 52016751490
52016800041, 52016801484
52016850062, 52016851495
52016900059, 52016901481
52016950048, 52016951459
52016999994, 52017001395
52017050019, 52017051409
52017100028, 52017101407
52017150041, 52017151404
52017200031, 52017201378
52017250028, 52017251359
52017300025, 52017301340
52017350042, 52017351336
52017400040, 52017401312
52017450037, 52017451293
52017500038, 52017501278
52017550047, 52017551271
52017600045, 52017601253
52017650038, 52017651230
52017700055, 52017701236
52017750052, 52017751223
52017800046, 52017801206
52017850039, 52017851183
52017900060, 52017901193
52017950057, 52017951180
52017999995, 52018001107
52018050048, 52018051149
52018100025, 52018101116
52018150038, 52018151123
52018200036, 52018201116
52018250033, 52018251108
52018300030, 52018301105
52018350043, 52018351118
52018400041, 52018401110
52018450042, 52018451106
52018500043, 52018501102
52018550032, 52018551091
52018600054, 52018601113
52018650047, 52018651100
52018700044, 52018701092
52018750037, 52018751079
52018800055, 52018801092
52018850048, 52018851080
52018900041, 52018901073
52018950054, 52018951086
52018999996, 52019001028
52019050029, 52019051061
52019100034, 52019101066
52019150047, 52019151079
52019200041, 52019201073
52019250030, 52019251062
52019300047, 52019301079
52019350044, 52019351076
52019400038, 52019401070
52019450035, 52019451067
52019500040, 52019501077
52019550037, 52019551079
52019600035, 52019601083
52019650056, 52019651098
52019700049, 52019701102
52019750042, 52019751106
52019800056, 52019801131
52019850053, 52019851144
52019900046, 52019901153
52019950063, 52019951191
52019999997, 52020001146
52020050026, 52020051197
52020100023, 52020101210
52020150036, 52020151239
52020200030, 52020201244
52020250027, 52020251251
52020300044, 52020301284
52020350037, 52020351288
52020400047, 52020401309
52020450044, 52020451316
52020500053, 52020501336
52020550050, 52020551338
52020600044, 52020601338
52020650065, 52020651353
52020700054, 52020701342
52020750047, 52020751335
52020800041, 52020801329
52020850062, 52020851350
52020900055, 52020901343
52020950044, 52020951332
52020999994, 52021001282
52021050023, 52021051311
52021100032, 52021101310
52021150045, 52021151317
52021200038, 52021201310
52021250028, 52021251290
52021300045, 52021301301
52021350038, 52021351284
52021400031, 52021401271
52021450028, 52021451263
52021500030, 52021501260
52021550039, 52021551258
52021600036, 52021601250
52021650053, 52021651256
52021700050, 52021701248
52021750044, 52021751236
52021800041, 52021801233
52021850054, 52021851246
52021900051, 52021901243
52021950044, 52021951236
52021999994, 52022001186
52022050023, 52022051215
52022100020, 52022101212
52022150033, 52022151225
52022200031, 52022201223
52022250028, 52022251220
52022300045, 52022301237
52022350042, 52022351234
52022400028, 52022401220
52022450049, 52022451241
52022500038, 52022501230
52022550035, 52022551227
52022600053, 52022601245
52022650050, 52022651242
52022700039, 52022701231
52022750036, 52022751228
52022800058, 52022801250
52022850051, 52022851243
52022900044, 52022901236
52022950041, 52022951222
52022999995, 52023001171
52023050024, 52023051195
52023100033, 52023101198
52023150042, 52023151202
52023200040, 52023201195
52023250029, 52023251178
52023300046, 52023301185
52023350039, 52023351172
52023400037, 52023401165
52023450030, 52023451153
52023500035, 52023501147
52023550036, 52023551143
52023600054, 52023601150
52023650051, 52023651142
52023700044, 52023701124
52023750041, 52023751116
52023800059, 52023801123
52023850048, 52023851107
52023900045, 52023901098
52023950062, 52023951104
52023999992, 52024001024
52024050021, 52024051042
52024100030, 52024101040
52024150035, 52024151040
52024200033, 52024201033
52024250030, 52024251030
52024300027, 52024301027
52024350024, 52024351024
52024400042, 52024401042
52024450031, 52024451031
52024500048, 52024501048
52024550045, 52024551039
52024600039, 52024601028
52024650036, 52024651025
52024700057, 52024701046
52024750046, 52024751035
52024800044, 52024801033
52024850041, 52024851030
52024900038, 52024901027
52024950055, 52024951044
52024999993, 52025000982
52025050026, 52025051015
52025100035, 52025101024
52025150024, 52025151013
52025200022, 52025201016
52025250043, 52025251032
52025300028, 52025301017
52025350025, 52025351014
52025400043, 52025401032
52025450040, 52025451029
52025500029, 52025501018
52025550050, 52025551039
52025600040, 52025601029
52025650037, 52025651021
52025700054, 52025701027
52025750051, 52025751019
52025800045, 52025801007
52025850066, 52025851023
52025900055, 52025901007
52025950052, 52025950998
52025999994, 52026000935
52026050023, 52026050964
52026100032, 52026100973
52026150037, 52026150978
52026200035, 52026200976
52026250032, 52026250973
52026300029, 52026300970
52026350046, 52026350987
52026400044, 52026400985
52026450029, 52026450970
52026500046, 52026500987
52026550043, 52026550984
52026600037, 52026600978
52026650034, 52026650975
52026700051, 52026700992
52026750040, 52026750981
52026800038, 52026800979
52026850059, 52026851000
52026900056, 52026900997
52026950049, 52026950990
52026999995, 52027000936
52027050020, 52027050961
52027100029, 52027100970
52027150042, 52027150983
52027200039, 52027200980
52027250033, 52027250974
52027300046, 52027300987
52027350043, 52027350989
52027400036, 52027400988
52027450033, 52027450985
52027500047, 52027500999
52027550048, 52027551000
52027600037, 52027600989
52027650034, 52027650986
52027700051, 52027701003
52027750049, 52027751006
52027800042, 52027801004
52027850039, 52027850996
52027900052, 52027901009
52027950049, 52027951006
52027999991, 52028000953
52028050020, 52028050988
52028100025, 52028100998
52028150038, 52028151016
52028200032, 52028201016
52028250029, 52028251013
52028300026, 52028301010
52028350043, 52028351032
52028400041, 52028401035
52028450038, 52028451038
52028500031, 52028501036
52028550044, 52028551054
52028600042, 52028601058
52028650035, 52028651056
52028700032, 52028701058
52028750045, 52028751077
52028800043, 52028801080
52028850040, 52028851082
52028900057, 52028901110
52028950050, 52028951109
52028999992, 52029001061
52029050037, 52029051112
52029100018, 52029101098
52029150031, 52029151116
52029200029, 52029201120
52029250026, 52029251122
52029300023, 52029301124
52029350036, 52029351143
52029400030, 52029401137
52029450027, 52029451134
52029500028, 52029501135
52029550041, 52029551137
52029600035, 52029601120
52029650052, 52029651121
52029700045, 52029701098
52029750042, 52029751079
52029800040, 52029801066
52029850037, 52029851047
52029900054, 52029901054
52029950043, 52029951032
52029999993, 52030000971
52030050018, 52030050991
52030100027, 52030100995
52030150040, 52030151002
52030200030, 52030200992
52030250027, 52030250989
52030300024, 52030300986
52030350045, 52030351007
52030400039, 52030401001
52030450036, 52030450998
52030500049, 52030501011
52030550042, 52030551004
52030600036, 52030600998
52030650033, 52030650995
52030700050, 52030701012
52030750047, 52030751009
52030800037, 52030800999
52030850058, 52030851020
52030900051, 52030901013
52030950044, 52030951006
52030999994, 52031000962
52031050019, 52031050992
52031100024, 52031100992
52031150037, 52031151005
52031200035, 52031201003
52031250032, 52031251000
52031300025, 52031300993
52031350038, 52031351006
52031400036, 52031401004
52031450037, 52031451005
52031500034, 52031501007
52031550043, 52031551021
52031600041, 52031601025
52031650054, 52031651038
52031700047, 52031701031
52031750044, 52031751028
52031800038, 52031801022
52031850055, 52031851039
52031900052, 52031901036
52031950041, 52031951025
52031999991, 52032000975
