# exposure_start_timestamp_us, exposure_end_timestamp_us
37379400142, 37379401414
37379450139, 37379451411
37379500145, 37379501417
37379550142, 37379551414
37379600143, 37379601426
37379650144, 37379651432
37379700141, 37379701435
37379750143, 37379751442
37379800144, 37379801448
37379850153, 37379851468
37379900150, 37379901476
37379950147, 37379951484
37380000093, 37380001446
37380050130, 37380051499
37380100123, 37380101508
37380150120, 37380151521
37380200125, 37380201542
37380250127, 37380251554
37380300124, 37380301567
37380350125, 37380351579
37380400126, 37380401591
37380450127, 37380451602
37380500133, 37380501614
37380550158, 37380551633
37380600131, 37380601606
37380650132, 37380651607
37380700133, 37380701608
37380750135, 37380751610
37380800140, 37380801615
37380850137, 37380851612
37380900138, 37380901613
37380950139, 37380951614
37381000093, 37381001568
37381050134, 37381051609
37381100127, 37381101602
37381150144, 37381151619
37381200122, 37381201597
37381250123, 37381251598
37381300128, 37381301603
37381350129, 37381351604
37381400131, 37381401606
37381450148, 37381451613
37381500129, 37381501588
37381550130, 37381551589
37381600132, 37381601591
37381650137, 37381651596
37381700138, 37381701597
37381750135, 37381751594
37381800137, 37381801596
37381850150, 37381851609
37381900147, 37381901606
37381950144, 37381951603
37382000094, 37382001553
37382050131, 37382051590
37382100124, 37382101583
37382150145, 37382151604
37382200126, 37382201575
37382250128, 37382251566
37382300145, 37382301572
37382350146, 37382351563
37382400127, 37382401528
37382450128, 37382451518
37382500130, 37382501504
37382550135, 37382551493
37382600152, 37382601494
37382650133, 37382651459
37382700134, 37382701449
37382750136, 37382751435
37382800141, 37382801429
37382850142, 37382851420
37382900155, 37382901422
37382950140, 37382951396
37383000090, 37383001336
37383050127, 37383051367
37383100120, 37383101350
37383150141, 37383151365
37383200138, 37383201352
37383250140, 37383251348
37383300141, 37383301339
37383350142, 37383351334
37383400123, 37383401310
37383450140, 37383451321
37383500146, 37383501317
37383550147, 37383551307
37383600148, 37383601297
37383650149, 37383651282
37383700150, 37383701267
37383750148, 37383751249
37383800149, 37383801234
37383850154, 37383851223
37383900151, 37383901199
37383950152, 37383951184
37384000090, 37384001100
37384050115, 37384051109
37384100132, 37384101105
37384150133, 37384151090
37384200139, 37384201080
37384250140, 37384251065
37384300141, 37384301050
37384350138, 37384351036
37384400140, 37384401027
37384450145, 37384451022
37384500146, 37384501012
37384550147, 37384551002
37384600153, 37384600998
37384650146, 37384650980
37384700151, 37384700974
37384750152, 37384750965
37384800154, 37384800956
37384850139, 37384850930
37384900152, 37384900938
37384950137, 37384950912
37385000091, 37385000855
37385050124, 37385050883
37385100117, 37385100871
37385150138, 37385150886
37385200135, 37385200873
37385250137, 37385250869
37385300138, 37385300865
37385350139, 37385350855
37385400140, 37385400851
37385450145, 37385450851
37385500139, 37385500839
37385550144, 37385550839
37385600145, 37385600835
37385650146, 37385650830
37385700147, 37385700826
37385750153, 37385750832
37385800146, 37385800825
37385850147, 37385850826
37385900148, 37385900827
37385950157, 37385950836
37386000091, 37386000770
37386050124, 37386050803
37386100141, 37386100820
37386150138, 37386150817
37386200120, 37386200799
37386250121, 37386250800
37386300122, 37386300801
37386350139, 37386350818
37386400141, 37386400820
37386450142, 37386450821
37386500147, 37386500826
37386550148, 37386550827
37386600150, 37386600829
37386650147, 37386650821
37386700148, 37386700822
37386750153, 37386750827
37386800155, 37386800829
37386850136, 37386850804
37386900157, 37386900820
37386950158, 37386950821
37387000088, 37387000751
37387050121, 37387050784
37387100114, 37387100777
37387150135, 37387150798
37387200132, 37387200795
37387250134, 37387250797
37387300139, 37387300802
37387350140, 37387350803
37387400141, 37387400804
37387450142, 37387450805
37387500140, 37387500803
37387550145, 37387550808
37387600146, 37387600809
37387650127, 37387650790
37387700132, 37387700795
37387750134, 37387750797
37387800131, 37387800794
37387850132, 37387850795
37387900133, 37387900796
37387950142, 37387950805
37388000088, 37388000751
37388050125, 37388050788
37388100134, 37388100797
37388150135, 37388150798
37388200116, 37388200779
37388250122, 37388250785
37388300123, 37388300786
37388350148, 37388350811
37388400141, 37388400804
37388450142, 37388450805
37388500144, 37388500807
37388550145, 37388550808
37388600146, 37388600809
37388650143, 37388650801
37388700144, 37388700802
37388750146, 37388750804
37388800147, 37388800805
37388850148, 37388850806
37388900141, 37388900799
37388950150, 37388950808
37389000088, 37389000746
37389050121, 37389050779
37389100114, 37389100772
37389150135, 37389150793
37389200117, 37389200780
37389250134, 37389250797
37389300139, 37389300802
37389350140, 37389350803
37389400142, 37389400805
37389450123, 37389450791
37389500148, 37389500822
37389550145, 37389550819
37389600143, 37389600817
37389650144, 37389650823
37389700145, 37389700829
37389750146, 37389750836
37389800148, 37389800838
37389850141, 37389850831
37389900154, 37389900849
37389950147, 37389950847
37390000085, 37390000785
37390050122, 37390050822
37390100135, 37390100841
37390150128, 37390150839
37390200133, 37390200849
37390250135, 37390250857
37390300136, 37390300863
37390350137, 37390350869
37390400130, 37390400868
37390450131, 37390450874
37390500133, 37390500881
37390550138, 37390550892
37390600139, 37390600898
37390650140, 37390650894
37390700133, 37390700887
37390750139, 37390750898
37390800140, 37390800904
37390850145, 37390850915
37390900134, 37390900909
37390950151, 37390950932
37391000085, 37391000871
37391050122, 37391050913
37391100115, 37391100912
37391150112, 37391150909
37391200117, 37391200914
37391250135, 37391250937
37391300136, 37391300943
37391350117, 37391350930
37391400118, 37391400936
37391450123, 37391450946
37391500125, 37391500954
37391550142, 37391550976
37391600143, 37391600982
37391650144, 37391650989
37391700125, 37391700975
37391750127, 37391750982
37391800132, 37391800993
37391850149, 37391851015
37391900142, 37391901013
37391950135, 37391951012
37392000085, 37392000967
37392050122, 37392051009
37392100139, 37392101037
37392150132, 37392151035
37392200114, 37392201028
37392250115, 37392251040
37392300116, 37392301052
37392350117, 37392351069
37392400147, 37392401115
37392450140, 37392451129
37392500121, 37392501131
37392550122, 37392551148
37392600124, 37392601166
37392650129, 37392651188
37392700146, 37392701221
37392750147, 37392751238
37392800129, 37392801236
37392850134, 37392851257
37392900147, 37392901280
37392950140, 37392951289
37393000086, 37393001246
37393050123, 37393051294
37393100116, 37393101297
37393150113, 37393151305
37393200118, 37393201316
37393250124, 37393251332
37393300121, 37393301335
37393350122, 37393351336
37393400127, 37393401341
37393450128, 37393451342
37393500134, 37393501348
37393550135, 37393551349
37393600128, 37393601342
37393650129, 37393651343
37393700134, 37393701348
37393750136, 37393751350
37393800137, 37393801351
37393850134, 37393851348
37393900131, 37393901334
37393950140, 37393951338
37394000086, 37394001273
37394050123, 37394051304
37394100116, 37394101287
37394150133, 37394151298
37394200114, 37394201269
37394250116, 37394251265
37394300121, 37394301265
37394350122, 37394351266
37394400127, 37394401271
37394450120, 37394451264
37394500126, 37394501270
37394550127, 37394551271
37394600128, 37394601272
37394650133, 37394651277
37394700134, 37394701278
37394750128, 37394751272
37394800129, 37394801273
37394850146, 37394851290
37394900139, 37394901288
37394950136, 37394951291
37395000082, 37395001247
37395050119, 37395051290
37395100112, 37395101293
37395150109, 37395151301
37395200115, 37395201318
37395250116, 37395251335
37395300113, 37395301348
37395350114, 37395351365
37395400120, 37395401392
37395450121, 37395451409
37395500126, 37395501436
37395550127, 37395551458
37395600121, 37395601474
37395650126, 37395651505
37395700127, 37395701533
37395750128, 37395751561
37395800134, 37395801599
37395850135, 37395851637
37395900132, 37395901666
37395950137, 37395951709
37396000083, 37396001692
37396050120, 37396051772
37396100113, 37396101808
37396150134, 37396151871
37396200131, 37396201911
37396250133, 37396251956
37396300114, 37396301980
37396350115, 37396352024
37396400116, 37396402067
37396450137, 37396452131
37396500119, 37396502161
37396550120, 37396552210
37396600121, 37396602259
37396650126, 37396652313
37396700127, 37396702362
37396750125, 37396752413
37396800126, 37396802462
37396850131, 37396852515
37396900132, 37396902559
37396950137, 37396952607
37397000083, 37397002596
37397050112, 37397052662
37397100129, 37397102722
37397150126, 37397152762
37397200131, 37397202815
37397250113, 37397252850
37397300138, 37397302934
37397350115, 37397352975
37397400116, 37397403046
37397450121, 37397453120
37397500123, 37397503197
37397550124, 37397553273
37397600121, 37397603334
37397650126, 37397653408
37397700127, 37397703468
37397750133, 37397753528
37397800134, 37397803577
37397850139, 37397853625
37397900132, 37397903655
37397950137, 37397953697
37398000079, 37398003682
37398050120, 37398053761
37398100113, 37398103791
37398150114, 37398153819
37398200112, 37398203838
37398250117, 37398253870
37398300118, 37398303887
37398350119, 37398353909
37398400125, 37398403931
37398450130, 37398453931
37398500127, 37398503928
37398550132, 37398553933
37398600134, 37398603956
37398650135, 37398653979
37398700136, 37398704007
37398750137, 37398754029
37398800135, 37398804048
37398850144, 37398854073
37398900141, 37398904065
37398950146, 37398954070
37399000080, 37399004004
37399050113, 37399054037
37399100126, 37399104050
37399150127, 37399154024
37399200128, 37399204004
37399250110, 37399253964
37399300115, 37399303943
37399350112, 37399353908
37399400117, 37399403881
37399450118, 37399453850
37399500124, 37399503829
37399550125, 37399553803
37399600130, 37399603787
37399650123, 37399653758
37399700128, 37399703731
37399750134, 37399753710
37399800135, 37399803690
37399850132, 37399853666
37399900129, 37399903647
37399950142, 37399953665
37400000076, 37400003599
37400050113, 37400053663
37400100106, 37400103666
37400150103, 37400153658
37400200105, 37400203660
37400250106, 37400253661
37400300111, 37400303666
37400350112, 37400353667
37400400114, 37400403669
37400450119, 37400453674
37400500116, 37400503671
37400550117, 37400553672
37400600123, 37400603657
37400650124, 37400653642
37400700129, 37400703615
37400750130, 37400753594
37400800128, 37400803565
37400850137, 37400853542
37400900134, 37400903513
37400950143, 37400953484
37401000077, 37401003386
37401050118, 37401053390
37401100103, 37401103332
37401150124, 37401153305
37401200125, 37401203252
37401250127, 37401253196
37401300128, 37401303143
37401350129, 37401353091
37401400126, 37401403040
37401450127, 37401452992
37401500133, 37401502956
37401550130, 37401552915
37401600135, 37401602883
37401650128, 37401652838
37401700133, 37401702811
37401750135, 37401752776
37401800136, 37401802750
37401850129, 37401852716
37401900126, 37401902687
37401950139, 37401952678
37402000077, 37402002600
37402050110, 37402052612
37402100103, 37402102594
37402150124, 37402152599
37402200105, 37402202586
37402250127, 37402252608
37402300128, 37402302593
37402350129, 37402352577
37402400110, 37402402542
37402450111, 37402452517
37402500141, 37402502525
37402550114, 37402552472
37402600115, 37402602446
37402650120, 37402652419
37402700121, 37402702393
37402750123, 37402752363
37402800144, 37402802352
37402850129, 37402852299
37402900122, 37402902260
37402950139, 37402952240
37403000077, 37403002146
37403050114, 37403052145
37403100123, 37403102117
37403150120, 37403152077
37403200122, 37403202036
37403250123, 37403251999
37403300124, 37403301958
37403350125, 37403351921
37403400119, 37403401878
37403450120, 37403451841
37403500125, 37403501809
37403550126, 37403551773
37403600128, 37403601737
37403650129, 37403651701
37403700126, 37403701660
37403750127, 37403751619
37403800129, 37403801583
37403850130, 37403851541
37403900127, 37403901501
37403950132, 37403951469
37404000078, 37404001377
37404050111, 37404051373
37404100104, 37404101334
37404150125, 37404151317
37404200106, 37404201266
37404250124, 37404251252
37404300125, 37404301221
37404350126, 37404351195
37404400127, 37404401169
37404450128, 37404451149
37404500130, 37404501130
37404550127, 37404551111
37404600128, 37404601096
37404650129, 37404651086
37404700130, 37404701082
37404750132, 37404751078
37404800133, 37404801074
37404850146, 37404851087
37404900143, 37404901084
37404950132, 37404951073
37405000074, 37405001015
37405050111, 37405051052
37405100128, 37405101069
37405150117, 37405151053
37405200118, 37405201048
37405250120, 37405251045
37405300125, 37405301045
37405350126, 37405351040
37405400119, 37405401033
37405450120, 37405451034
37405500122, 37405501036
37405550123, 37405551037
37405600124, 37405601044
37405650125, 37405651050
37405700122, 37405701058
37405750124, 37405751070
37405800125, 37405801087
37405850126, 37405851104
37405900123, 37405901117
37405950132, 37405951142
37406000074, 37406001100
37406050111, 37406051153
37406100104, 37406101163
37406150101, 37406151170
37406200107, 37406201187
37406250112, 37406251203
37406300109, 37406301210
37406350110, 37406351217
37406400112, 37406401229
37406450113, 37406451236
37406500118, 37406501246
37406550119, 37406551252
37406600117, 37406601250
37406650118, 37406651251
37406700123, 37406701267
37406750124, 37406751273
37406800126, 37406801281
37406850135, 37406851295
37406900136, 37406901307
37406950129, 37406951305
37407000075, 37407001256
37407050108, 37407051295
37407100101, 37407101282
37407150118, 37407151299
37407200123, 37407201304
37407250105, 37407251292
37407300106, 37407301298
37407350111, 37407351309
37407400116, 37407401314
37407450109, 37407451307
37407500115, 37407501313
37407550116, 37407551314
37407600121, 37407601319
37407650122, 37407651320
37407700123, 37407701321
37407750121, 37407751319
37407800126, 37407801324
37407850119, 37407851317
37407900120, 37407901318
37407950129, 37407951327
37408000071, 37408001279
37408050108, 37408051322
37408100101, 37408101320
37408150098, 37408151322
37408200103, 37408201333
37408250109, 37408251339
37408300106, 37408301336
37408350107, 37408351337
37408400112, 37408401342
37408450113, 37408451343
37408500119, 37408501349
37408550120, 37408551350
37408600117, 37408601347
37408650122, 37408651352
37408700127, 37408701357
37408750129, 37408751359
37408800134, 37408801364
37408850123, 37408851353
37408900116, 37408901346
37408950133, 37408951363
37409000071, 37409001301
37409050108, 37409051338
37409100101, 37409101331
37409150126, 37409151356
37409200100, 37409201330
37409250101, 37409251331
37409300102, 37409301332
37409350103, 37409351333
37409400109, 37409401339
37409450106, 37409451336
37409500107, 37409501337
37409550108, 37409551338
37409600114, 37409601344
37409650115, 37409651345
37409700120, 37409701350
37409750113, 37409751343
37409800119, 37409801349
37409850128, 37409851358
37409900125, 37409901355
37409950122, 37409951352
37410000072, 37410001302
37410050109, 37410051339
37410100102, 37410101332
37410150099, 37410151329
37410200104, 37410201334
37410250110, 37410251340
37410300111, 37410301341
37410350108, 37410351338
37410400113, 37410401343
37410450114, 37410451344
37410500120, 37410501350
37410550121, 37410551351
37410600118, 37410601348
37410650119, 37410651349
37410700124, 37410701354
37410750126, 37410751356
37410800127, 37410801357
37410850136, 37410851366
37410900125, 37410901355
37410950126, 37410951356
37411000072, 37411001302
37411050105, 37411051335
37411100098, 37411101328
37411150119, 37411151349
37411200116, 37411201335
37411250122, 37411251336
37411300123, 37411301326
37411350124, 37411351322
37411400105, 37411401297
37411450106, 37411451293
37411500128, 37411501309
37411550129, 37411551300
37411600130, 37411601295
37411650111, 37411651266
37411700112, 37411701261
37411750138, 37411751282
37411800135, 37411801279
37411850120, 37411851264
37411900117, 37411901261
37411950118, 37411951262
37412000068, 37412001212
37412050101, 37412051245
37412100098, 37412101242
37412150095, 37412151239
37412200101, 37412201245
37412250102, 37412251246
37412300107, 37412301251
37412350104, 37412351248
37412400110, 37412401254
37412450111, 37412451255
37412500116, 37412501260
37412550121, 37412551265
37412600123, 37412601256
37412650120, 37412651248
37412700125, 37412701248
37412750126, 37412751238
37412800132, 37412801239
37412850125, 37412851221
37412900122, 37412901207
37412950135, 37412951204
37413000069, 37413001122
37413050106, 37413051143
37413100103, 37413101124
37413150100, 37413151105
37413200097, 37413201086
37413250103, 37413251076
37413300104, 37413301061
37413350109, 37413351050
37413400110, 37413401035
37413450115, 37413451029
37413500109, 37413501007
37413550114, 37413551001
37413600115, 37413600992
37413650120, 37413650986
37413700125, 37413700980
37413750127, 37413750977
37413800128, 37413800973
37413850133, 37413850978
37413900138, 37413900983
37413950131, 37413950976
37414000069, 37414000914
37414050102, 37414050947
37414100115, 37414100960
37414150112, 37414150967
37414200118, 37414200984
37414250099, 37414250976
37414300104, 37414300991
37414350129, 37414351032
37414400103, 37414401017
37414450108, 37414451038
37414500109, 37414501050
37414550114, 37414551071
37414600116, 37414601084
37414650113, 37414651097
37414700114, 37414701119
37414750119, 37414751145
37414800121, 37414801174
37414850130, 37414851215
37414900127, 37414901250
37414950124, 37414951289
37415000066, 37415001280
37415050107, 37415051369
37415100100, 37415101410
37415150097, 37415151460
37415200102, 37415201513
37415250100, 37415251559
37415300105, 37415301613
37415350110, 37415351666
37415400111, 37415401709
37415450116, 37415451752
37415500118, 37415501797
37415550115, 37415551836
37415600120, 37415601884
37415650121, 37415651923
37415700126, 37415701965
37415750108, 37415751984
37415800125, 37415802039
37415850126, 37415852072
37415900127, 37415902105
37415950112, 37415952117
37416000066, 37416002097
37416050099, 37416052157
37416100112, 37416102186
37416150109, 37416152199
37416200114, 37416202215
37416250116, 37416252228
37416300097, 37416302203
37416350102, 37416352208
37416400099, 37416402205
37416450100, 37416452206
37416500106, 37416502196
37416550107, 37416552181
37416600112, 37416602170
37416650113, 37416652155
37416700110, 37416702136
37416750116, 37416752121
37416800121, 37416802099
37416850110, 37416852056
37416900131, 37416902045
37416950132, 37416952008
37417000066, 37417001910
37417050103, 37417051915
37417100096, 37417101876
37417150093, 37417151841
37417200095, 37417201816
37417250116, 37417251805
37417300117, 37417301780
37417350118, 37417351754
37417400100, 37417401709
37417450101, 37417451683
37417500102, 37417501652
37417550123, 37417551641
37417600125, 37417601617
37417650106, 37417651571
37417700107, 37417701550
37417750112, 37417751534
37417800114, 37417801520
37417850123, 37417851513
37417900120, 37417901494
37417950117, 37417951475
37418000067, 37418001409
37418050104, 37418051430
37418100121, 37418101431
37418150114, 37418151413
37418200115, 37418201398
37418250117, 37418251389
37418300098, 37418301360
37418350099, 37418351350
37418400100, 37418401340
37418450101, 37418451331
37418500107, 37418501326
37418550112, 37418551320
37418600113, 37418601311
37418650114, 37418651301
37418700111, 37418701292
37418750117, 37418751288
37418800118, 37418801278
37418850131, 37418851280
37418900128, 37418901267
37418950129, 37418951262
37419000063, 37419001186
37419050100, 37419051217
37419100089, 37419101196
37419150110, 37419151211
37419200111, 37419201207
37419250113, 37419251209
37419300110, 37419301206
37419350111, 37419351207
37419400112, 37419401208
37419450113, 37419451209
37419500115, 37419501211
37419550116, 37419551212
37419600113, 37419601209
37419650114, 37419651210
37419700115, 37419701211
37419750117, 37419751213
37419800122, 37419801218
37419850115, 37419851200
37419900116, 37419901196
37419950121, 37419951196
37420000063, 37420001132
37420050096, 37420051155
37420100089, 37420101142
37420150106, 37420151148
37420200112, 37420201149
37420250113, 37420251139
37420300114, 37420301135
37420350115, 37420351131
37420400117, 37420401133
37420450110, 37420451126
37420500111, 37420501127
37420550116, 37420551132
37420600118, 37420601134
37420650119, 37420651135
37420700124, 37420701140
37420750117, 37420751133
37420800123, 37420801139
37420850128, 37420851138
37420900129, 37420901134
37420950110, 37420951104
37421000064, 37421001053
37421050101, 37421051085
37421100094, 37421101072
37421150111, 37421151089
37421200112, 37421201090
37421250114, 37421251092
37421300111, 37421301089
37421350112, 37421351090
37421400113, 37421401091
37421450114, 37421451092
37421500116, 37421501094
37421550113, 37421551091
37421600110, 37421601094
37421650111, 37421651105
37421700112, 37421701112
37421750114, 37421751124
37421800115, 37421801136
37421850108, 37421851140
37421900129, 37421901171
37421950114, 37421951167
37422000064, 37422001128
37422050101, 37422051176
37422100094, 37422101174
37422150111, 37422151196
37422200112, 37422201197
37422250094, 37422251179
37422300099, 37422301184
37422350096, 37422351181
37422400101, 37422401186
37422450118, 37422451203
37422500120, 37422501205
37422550101, 37422551186
37422600102, 37422601187
37422650107, 37422651192
37422700108, 37422701193
37422750106, 37422751191
37422800107, 37422801192
37422850112, 37422851197
37422900109, 37422901194
37422950118, 37422951209
37423000060, 37423001156
37423050093, 37423051200
37423100086, 37423101203
37423150111, 37423151239
37423200089, 37423201228
37423250090, 37423251239
37423300119, 37423301279
37423350112, 37423351283
37423400094, 37423401275
37423450099, 37423451291
37423500100, 37423501303
37423550101, 37423551320
37423600099, 37423601329
37423650100, 37423651346
37423700101, 37423701357
37423750106, 37423751373
37423800108, 37423801386
37423850117, 37423851405
37423900106, 37423901405
37423950111, 37423951421
37424000061, 37424001381
37424050102, 37424051439
37424100095, 37424101448
37424150096, 37424151465
37424200093, 37424201478
37424250095, 37424251496
37424300096, 37424301513
37424350097, 37424351535
37424400098, 37424401552
37424450099, 37424451564
37424500097, 37424501572
37424550102, 37424551588
37424600103, 37424601600
37424650104, 37424651612
37424700105, 37424701623
37424750103, 37424751632
37424800108, 37424801648
37424850113, 37424851647
37424900114, 37424901648
37424950119, 37424951653
37425000061, 37425001595
37425050090, 37425051624
37425100107, 37425101641
37425150104, 37425151638
37425200109, 37425201643
37425250091, 37425251625
37425300092, 37425301637
37425350113, 37425351669
37425400114, 37425401686
37425450095, 37425451683
37425500101, 37425501705
37425550102, 37425551727
37425600103, 37425601750
37425650100, 37425651773
37425700105, 37425701805
37425750107, 37425751834
37425800108, 37425801872
37425850117, 37425851913
37425900118, 37425901952
37425950115, 37425951986
37426000057, 37426001976
37426050098, 37426052065
37426100091, 37426102106
37426150088, 37426152157
37426200090, 37426202218
37426250091, 37426252283
37426300092, 37426302337
37426350097, 37426352390
37426400099, 37426402451
37426450104, 37426452510
37426500097, 37426502551
37426550102, 37426552609
37426600108, 37426602663
37426650109, 37426652713
37426700114, 37426702776
37426750115, 37426752836
37426800109, 37426802900
37426850122, 37426852982
37426900119, 37426903049
37426950116, 37426953110
37427000058, 37427003105
37427050103, 37427053198
37427100088, 37427103221
37427150085, 37427153250
37427200090, 37427203282
37427250096, 37427253309
37427300097, 37427303326
37427350094, 37427353318
37427400095, 37427403319
37427450100, 37427453324
37427500102, 37427503326
37427550103, 37427553327
37427600104, 37427603306
37427650101, 37427653282
37427700102, 37427703251
37427750108, 37427753214
37427800109, 37427803172
37427850102, 37427853122
37427900103, 37427903075
37427950112, 37427953042
37428000058, 37428002945
37428050095, 37428052939
37428100088, 37428102889
37428150085, 37428152854
37428200091, 37428202833
37428250092, 37428252813
37428300093, 37428302798
37428350094, 37428352788
37428400100, 37428402800
37428450101, 37428452795
37428500106, 37428502784
37428550103, 37428552771
37428600105, 37428602778
37428650110, 37428652783
37428700115, 37428702788
37428750116, 37428752789
37428800114, 37428802787
37428850123, 37428852796
37428900120, 37428902793
37428950125, 37428952798
37429000055, 37429002728
37429050100, 37429052773
37429100085, 37429102758
37429150082, 37429152755
37429200087, 37429202760
37429250093, 37429252766
37429300098, 37429302771
37429350099, 37429352772
37429400092, 37429402765
37429450093, 37429452766
37429500099, 37429502772
37429550100, 37429552773
37429600101, 37429602774
37429650106, 37429652779
37429700103, 37429702776
37429750105, 37429752778
37429800106, 37429802779
37429850115, 37429852788
37429900112, 37429902785
37429950117, 37429952790
37430000055, 37430002728
37430050092, 37430052765
37430100085, 37430102758
37430150082, 37430152755
37430200087, 37430202760
37430250085, 37430252758
37430300090, 37430302763
37430350091, 37430352764
37430400096, 37430402769
37430450097, 37430452743
37430500103, 37430502723
37430550096, 37430552700
37430600101, 37430602710
37430650102, 37430652711
37430700107, 37430702716
37430750109, 37430752718
37430800110, 37430802735
37430850107, 37430852753
37430900104, 37430902772
37430950117, 37430952806
37431000055, 37431002765
37431050092, 37431052829
37431100109, 37431102873
37431150102, 37431152898
37431200084, 37431202912
37431250089, 37431252944
37431300094, 37431302981
37431350099, 37431353013
37431400097, 37431403037
37431450098, 37431453060
37431500103, 37431503081
37431550104, 37431553092
37431600106, 37431603089
37431650111, 37431653094
37431700108, 37431703091
37431750109, 37431753092
37431800111, 37431803094
37431850116, 37431853120
37431900113, 37431903107
37431950122, 37431953121
37432000052, 37432003051
37432050089, 37432053088
37432100082, 37432103081
37432150083, 37432153082
37432200088, 37432203087
37432250090, 37432253089
37432300087, 37432303086
37432350092, 37432353091
37432400093, 37432403092
37432450098, 37432453097
37432500100, 37432503099
37432550101, 37432553100
37432600102, 37432603080
37432650107, 37432653074
37432700108, 37432703080
37432750114, 37432753086
37432800095, 37432803067
37432850100, 37432853072
37432900097, 37432903048
37432950102, 37432953037
37433000052, 37433002966
37433050093, 37433052980
37433100086, 37433102946
37433150079, 37433152912
37433200080, 37433202887
37433250086, 37433252866
37433300087, 37433302835
37433350088, 37433352804
37433400093, 37433402777
37433450090, 37433452742
37433500092, 37433502712
37433550093, 37433552675
37433600098, 37433602648
37433650099, 37433652612
37433700104, 37433702585
37433750102, 37433752550
37433800103, 37433802535
37433850096, 37433852512
37433900097, 37433902503
37433950114, 37433952525
37434000052, 37434002458
37434050093, 37434052499
37434100086, 37434102492
37434150083, 37434152489
37434200089, 37434202495
37434250090, 37434252496
37434300087, 37434302493
37434350088, 37434352494
37434400094, 37434402500
37434450095, 37434452485
37434500100, 37434502474
37434550101, 37434552459
37434600099, 37434602435
37434650100, 37434652415
37434700105, 37434702398
37434750106, 37434752378
37434800108, 37434802369
37434850097, 37434852348
37434900118, 37434902353
37434950115, 37434952339
37435000053, 37435002282
37435050090, 37435052303
37435100083, 37435102280
37435150100, 37435152281
37435200101, 37435202266
37435250083, 37435252232
37435300088, 37435302221
37435350089, 37435352201
37435400094, 37435402184
37435450095, 37435452153
37435500097, 37435502118
37435550098, 37435552087
37435600103, 37435602065
37435650104, 37435652039
37435700105, 37435702024
37435750103, 37435752012
37435800104, 37435802018
37435850101, 37435851993
37435900098, 37435901974
37435950115, 37435951981
37436000049, 37436001920
37436050090, 37436051961
37436100083, 37436101954
37436150080, 37436151951
37436200085, 37436201956
37436250091, 37436251978
37436300096, 37436301994
37436350089, 37436352003
37436400094, 37436402024
37436450095, 37436452046
37436500101, 37436502074
37436550102, 37436552096
37436600099, 37436602114
37436650104, 37436652146
37436700105, 37436702169
37436750107, 37436752197
37436800112, 37436802224
37436850105, 37436852233
37436900094, 37436902243
37436950115, 37436952285
37437000049, 37437002236
37437050090, 37437052293
37437100083, 37437102302
37437150092, 37437152321
37437200082, 37437202322
37437250099, 37437252350
37437300092, 37437302353
37437350085, 37437352357
37437400103, 37437402391
37437450096, 37437452395
37437500105, 37437502420
37437550098, 37437552424
37437600092, 37437602412
37437650109, 37437652429
37437700102, 37437702422
37437750091, 37437752411
37437800109, 37437802429
37437850094, 37437852414
37437900107, 37437902427
37437950096, 37437952416
37438000050, 37438002354
37438050091, 37438052384
37438100100, 37438102399
37438150085, 37438152378
37438200082, 37438202375
37438250100, 37438252393
37438300097, 37438302390
37438350082, 37438352375
37438400099, 37438402392
37438450096, 37438452389
37438500090, 37438502383
37438550087, 37438552380
37438600104, 37438602397
37438650093, 37438652386
37438700090, 37438702399
37438750108, 37438752428
37438800101, 37438802437
37438850114, 37438852472
37438900103, 37438902477
37438950108, 37438952498
37439000050, 37439002456
37439050079, 37439052495
37439100088, 37439102520
37439150097, 37439152524
37439200086, 37439202513
37439250084, 37439252511
37439300101, 37439302549
37439350098, 37439352563
37439400091, 37439402572
37439450088, 37439452595
37439500102, 37439502631
37439550091, 37439552646
37439600108, 37439602690
37439650101, 37439652710
37439700094, 37439702730
37439750112, 37439752769
37439800097, 37439802775
37439850114, 37439852814
37439900099, 37439902809
37439950100, 37439952826
37440000046, 37440002788
37440050095, 37440052854
37440100092, 37440102861
37440150081, 37440152866
37440200075, 37440202871
37440250092, 37440252904
37440300089, 37440302922
37440350098, 37440352958
37440400092, 37440402990
37440450085, 37440453020
37440500102, 37440503069
37440550095, 37440553094
37440600089, 37440603120
37440650102, 37440653165
37440700091, 37440703181
37440750108, 37440753230
37440800102, 37440803261
37440850111, 37440853303
37440900100, 37440903318
37440950105, 37440953339
37441000047, 37441003276
37441050076, 37441053305
37441100081, 37441103310
37441150090, 37441153319
37441200083, 37441203312
37441250097, 37441253326
37441300090, 37441303319
37441350083, 37441353312
37441400100, 37441403329
37441450097, 37441453326
37441500083, 37441503312
37441550100, 37441553329
37441600093, 37441603322
37441650090, 37441653319
37441700107, 37441703336
37441750101, 37441753330
37441800110, 37441803339
37441850095, 37441853324
37441900108, 37441903337
37441950101, 37441953330
37442000047, 37442003276
37442050092, 37442053321
37442100093, 37442103322
37442150078, 37442153307
37442200096, 37442203304
37442250085, 37442253303
37442300078, 37442303291
37442350095, 37442353308
37442400081, 37442403294
37442450098, 37442453311
37442500091, 37442503304
37442550104, 37442553317
37442600098, 37442603311
37442650091, 37442653304
37442700104, 37442703317
37442750093, 37442753306
37442800111, 37442803324
37442850112, 37442853325
37442900105, 37442903318
37442950118, 37442953331
37443000048, 37443003261
37443050093, 37443053306
37443100074, 37443103266
37443150083, 37443153253
37443200080, 37443203229
37443250090, 37443253217
37443300083, 37443303178
37443350100, 37443353169
37443400089, 37443403131
37443450082, 37443453097
37443500100, 37443503088
37443550085, 37443553047
37443600102, 37443603037
37443650095, 37443653003
37443700108, 37443702989
37443750102, 37443752951
37443800095, 37443802912
37443850096, 37443852887
37443900105, 37443902864
37443950114, 37443952846
37444000044, 37444002749
37444050077, 37444052755
37444100074, 37444102731
37444150087, 37444152717
37444200080, 37444202689
37444250078, 37444252665
37444300091, 37444302662
37444350084, 37444352634
37444400097, 37444402631
37444450090, 37444452603
37444500084, 37444502575
37444550101, 37444552566
37444600094, 37444602532
37444650087, 37444652498
37444700096, 37444702486
37444750090, 37444752453
37444800107, 37444802449
37444850088, 37444852403
37444900101, 37444902389
37444950110, 37444952371
37445000044, 37445002279
37445050073, 37445052276
37445100078, 37445102248
37445150087, 37445152225
37445200081, 37445202187
37445250098, 37445252167
37445300087, 37445302124
37445350080, 37445352079
37445400098, 37445402060
37445450091, 37445452016
37445500080, 37445501967
37445550093, 37445551943
37445600087, 37445601899
37445650104, 37445651884
37445700097, 37445701845
37445750090, 37445751806
37445800104, 37445801793
37445850105, 37445851768
37445900094, 37445901730
37445950103, 37445951717
37446000045, 37446001638
37446050070, 37446051642
37446100075, 37446101631
37446150080, 37446151614
37446200077, 37446201595
37446250095, 37446251592
37446300088, 37446301569
37446350081, 37446351546
37446400098, 37446401552
37446450083, 37446451526
37446500101, 37446501528
37446550098, 37446551520
37446600087, 37446601509
37446650084, 37446651506
37446700101, 37446701523
37446750087, 37446751509
37446800104, 37446801526
37446850089, 37446851511
37446900106, 37446901528
37446950091, 37446951513
37447000041, 37447001463
37447050070, 37447051492
37447100075, 37447101508
37447150088, 37447151531
37447200081, 37447201535
37447250079, 37447251538
37447300088, 37447301558
37447350081, 37447351556
37447400074, 37447401560
37447450091, 37447451583
37447500085, 37447501587
37447550078, 37447551586
37447600091, 37447601599
37447650084, 37447651592
37447700101, 37447701609
37447750095, 37447751603
37447800088, 37447801596
37447850109, 37447851617
37447900094, 37447901602
37447950087, 37447951595
37448000041, 37448001549
37448050090, 37448051598
37448100067, 37448101575
37448150072, 37448151580
37448200070, 37448201567
37448250087, 37448251579
37448300084, 37448301565
37448350077, 37448351552
37448400095, 37448401570
37448450084, 37448451559
37448500081, 37448501556
37448550098, 37448551573
37448600092, 37448601567
37448650089, 37448651564
37448700082, 37448701557
37448750091, 37448751566
37448800085, 37448801560
37448850090, 37448851565
37448900103, 37448901578
37448950096, 37448951571
37449000042, 37449001507
37449050067, 37449051521
37449100072, 37449101510
37449150081, 37449151508
37449200078, 37449201495
37449250072, 37449251478
37449300081, 37449301476
37449350078, 37449351463
37449400095, 37449401474
37449450088, 37449451457
37449500082, 37449501456
37449550099, 37449551473
37449600088, 37449601462
37449650081, 37449651455
37449700098, 37449701472
37449750096, 37449751481
37449800085, 37449801480
37449850094, 37449851505
37449900099, 37449901526
37449950108, 37449951551
37450000038, 37450001497
37450050067, 37450051548
37450100072, 37450101574
37450150085, 37450151609
37450200070, 37450201610
37450250088, 37450251644
37450300081, 37450301653
37450350070, 37450351658
37450400091, 37450401700
37450450084, 37450451715
37450500094, 37450501757
37450550087, 37450551782
37450600080, 37450601807
37450650077, 37450651836
37450700094, 37450701885
37450750080, 37450751898
37450800097, 37450801936
37450850102, 37450851957
37450900091, 37450901967
37450950084, 37450951982
37451000038, 37451001957
37451050083, 37451052018
37451100088, 37451102045
37451150073, 37451152051
37451200067, 37451202066
37451250084, 37451252099
37451300077, 37451302103
37451350090, 37451352111
37451400084, 37451402105
37451450077, 37451452098
37451500074, 37451502095
37451550091, 37451552112
37451600085, 37451602106
37451650098, 37451652119
37451700091, 37451702112
37451750088, 37451752109
37451800082, 37451802103
37451850103, 37451852124
37451900092, 37451902113
37451950105, 37451952126
37452000039, 37452002060
37452050068, 37452052089
37452100073, 37452102104
37452150086, 37452152128
37452200075, 37452202133
37452250069, 37452252143
37452300086, 37452302182
37452350079, 37452352191
37452400072, 37452402205
37452450089, 37452452238
37452500075, 37452502245
37452550092, 37452552279
37452600085, 37452602293
37452650082, 37452652311
37452700099, 37452702350
37452750089, 37452752361
37452800102, 37452802395
37452850099, 37452852419
37452900092, 37452902444
37452950085, 37452952453
37453000039, 37453002434
37453050084, 37453052511
37453100085, 37453102550
37453150070, 37453152567
37453200087, 37453202616
37453250081, 37453252647
37453300074, 37453302678
37453350087, 37453352723
37453400080, 37453402753
37453450073, 37453452778
37453500091, 37453502828
37453550084, 37453552848
37453600077, 37453602868
37453650090, 37453652897
37453700083, 37453702900
37453750101, 37453752913
37453800094, 37453802906
37453850099, 37453852911
37453900088, 37453902900
37453950093, 37453952889
37454000035, 37454002815
37454050060, 37454052824
37454100065, 37454102807
37454150078, 37454152799
37454200072, 37454202772
37454250085, 37454252769
37454300078, 37454302746
37454350075, 37454352748
37454400069, 37454402742
37454450086, 37454452759
37454500075, 37454502748
37454550092, 37454552765
37454600086, 37454602759
37454650083, 37454652777
37454700080, 37454702806
37454750097, 37454752839
37454800087, 37454802824
37454850092, 37454852829
37454900081, 37454902818
37454950098, 37454952835
37455000036, 37455002773
37455050061, 37455052798
37455100062, 37455102821
37455150075, 37455152860
37455200068, 37455202880
37455250086, 37455252925
37455300079, 37455302960
37455350076, 37455352974
37455400085, 37455402999
37455450078, 37455453002
37455500076, 37455502995
37455550093, 37455553012
37455600086, 37455603005
37455650099, 37455652997
37455700088, 37455702959
37455750086, 37455752941
37455800079, 37455802939
37455850092, 37455853006
37455900081, 37455903048
37455950086, 37455953123
37456000036, 37456003158
37456050061, 37456053242
37456100066, 37456103290
37456150075, 37456153331
37456200069, 37456203351
37456250082, 37456253380
37456300075, 37456303368
37456350072, 37456353365
37456400090, 37456403383
37456450083, 37456453376
37456500076, 37456503348
37456550089, 37456553329
37456600083, 37456603301
37456650076, 37456653273
37456700093, 37456703301
37456750090, 37456753292
37456800088, 37456803322
37456850097, 37456853390
37456900090, 37456903453
37456950091, 37456953523
37457000033, 37457003540
37457050062, 37457053638
37457100063, 37457103709
37457150072, 37457153777
37457200069, 37457203833
37457250063, 37457253896
37457300080, 37457303977
37457350073, 37457354008
37457400066, 37457404033
37457450083, 37457454071
37457500077, 37457504054
37457550074, 37457554057
37457600091, 37457604068
37457650084, 37457654061
37457700073, 37457704050
37457750091, 37457754068
37457800084, 37457804061
37457850097, 37457854074
37457900086, 37457904063
37457950095, 37457954046
37458000033, 37458003968
37458050058, 37458053998
37458100063, 37458103976
37458150076, 37458153968
37458200073, 37458203944
37458250063, 37458253907
37458300080, 37458303892
37458350073, 37458353837
37458400070, 37458403785
37458450087, 37458453754
37458500081, 37458503700
37458550090, 37458553656
37458600087, 37458603594
37458650080, 37458653534
37458700077, 37458703488
37458750095, 37458753463
37458800084, 37458803399
37458850081, 37458853347
37458900094, 37458903312
37458950091, 37458953256
37459000033, 37459003144
37459050062, 37459053120
37459100067, 37459103050
37459150072, 37459152986
37459200070, 37459202925
37459250063, 37459252859
37459300080, 37459302822
37459350077, 37459352766
37459400071, 37459402707
37459450084, 37459452666
37459500077, 37459502616
37459550074, 37459552571
37459600092, 37459602551
37459650085, 37459652512
37459700074, 37459702474
37459750091, 37459752465
37459800089, 37459802441
37459850078, 37459852409
37459900091, 37459902400
37459950100, 37459952393
37460000034, 37460002306
37460050059, 37460052310
37460100064, 37460102288
37460150073, 37460152270
37460200066, 37460202236
37460250064, 37460252208
37460300077, 37460302194
37460350070, 37460352166
37460400087, 37460402156
37460450080, 37460452128
37460500074, 37460502105
37460550091, 37460552106
37460600076, 37460602075
37460650073, 37460652062
37460700090, 37460702084
37460750084, 37460752078
37460800081, 37460802075
37460850090, 37460852084
37460900095, 37460902089
37460950080, 37460952074
37461000030, 37461002024
37461050059, 37461052053
37461100064, 37461102058
37461150069, 37461152079
37461200066, 37461202097
37461250060, 37461252108
37461300081, 37461302139
37461350074, 37461352148
37461400067, 37461402163
37461450080, 37461452202
37461500074, 37461502223
37461550071, 37461552241
37461600088, 37461602285
37461650085, 37461652309
37461700078, 37461702329
37461750088, 37461752365
37461800081, 37461802385
37461850078, 37461852414
37461900091, 37461902454
37461950092, 37461952487
37462000030, 37462002457
37462050055, 37462052503
37462100060, 37462102535
37462150073, 37462152570
37462200067, 37462202580
37462250064, 37462252598
37462300073, 37462302623
37462350066, 37462352632
37462400064, 37462402646
37462450081, 37462452679
37462500074, 37462502688
37462550071, 37462552701
37462600081, 37462602727
37462650074, 37462652736
37462700071, 37462702749
37462750088, 37462752782
37462800082, 37462802787
37462850075, 37462852775
37462900088, 37462902788
37462950085, 37462952785
37463000031, 37463002747
37463050076, 37463052813
37463100057, 37463102832
37463150070, 37463152877
37463200059, 37463202903
37463250077, 37463252953
37463300070, 37463302962
37463350067, 37463352981
37463400084, 37463403019
37463450077, 37463453033
37463500067, 37463503013
37463550084, 37463553035
37463600077, 37463603028
37463650070, 37463653021
37463700087, 37463703038
37463750077, 37463753028
37463800094, 37463803045
37463850087, 37463853017
37463900076, 37463902984
37463950081, 37463952968
37464000031, 37464002902
37464050076, 37464052936
37464100061, 37464102905
37464150070, 37464152887
37464200067, 37464202858
37464250061, 37464252830
37464300078, 37464302820
37464350067, 37464352783
37464400084, 37464402773
37464450077, 37464452729
37464500075, 37464502684
37464550068, 37464552623
37464600085, 37464602598
37464650074, 37464652533
37464700091, 37464702502
37464750089, 37464752457
37464800082, 37464802408
37464850095, 37464852383
37464900088, 37464902339
37464950081, 37464952294
37465000027, 37465002203
37465050052, 37465052196
37465100061, 37465102183
37465150070, 37465152187
37465200056, 37465202173
37465250073, 37465252190
37465300066, 37465302204
37465350079, 37465352249
37465400073, 37465402276
37465450066, 37465452306
37465500075, 37465502358
37465550068, 37465552399
37465600086, 37465602465
37465650079, 37465652501
37465700072, 37465702537
37465750089, 37465752602
37465800075, 37465802641
37465850088, 37465852713
37465900077, 37465902755
37465950074, 37465952800
37466000028, 37466002803
37466050081, 37466052898
37466100054, 37466102909
37466150067, 37466152954
37466200060, 37466202979
37466250078, 37466253029
37466300071, 37466303059
37466350080, 37466353100
37466400073, 37466403136
37466450066, 37466453172
37466500084, 37466503233
37466550077, 37466553269
37466600070, 37466603294
37466650079, 37466653335
37466700072, 37466703344
37466750090, 37466753356
37466800079, 37466803345
37466850072, 37466853338
37466900085, 37466903351
37466950074, 37466953340
37467000028, 37467003294
