# exposure_start_timestamp_us, exposure_end_timestamp_us
57267300479, 57267315475
57267350480, 57267365476
57267400473, 57267415469
57267450474, 57267465470
57267500476, 57267515472
57267550477, 57267565473
57267600478, 57267615474
57267650479, 57267665475
57267700476, 57267715472
57267750473, 57267765469
57267800474, 57267815470
57267850475, 57267865471
57267900476, 57267915472
57267950477, 57267965473
57268000423, 57268015419
57268050456, 57268065452
57268100449, 57268115445
57268150466, 57268165462
57268200475, 57268215471
57268250468, 57268265464
57268300473, 57268315469
57268350474, 57268365470
57268400475, 57268415471
57268450476, 57268465472
57268500477, 57268515473
57268550474, 57268565470
57268600475, 57268615471
57268650476, 57268665472
57268700477, 57268715473
57268750478, 57268765474
57268800479, 57268815475
57268850476, 57268865472
57268900481, 57268915477
57268950478, 57268965474
57269000420, 57269015416
57269050461, 57269065457
57269100474, 57269115470
57269150463, 57269165459
57269200460, 57269215456
57269250469, 57269265465
57269300450, 57269315446
57269350451, 57269365447
57269400468, 57269415464
57269450469, 57269465465
57269500471, 57269515467
57269550472, 57269565468
57269600473, 57269615469
57269650474, 57269665470
57269700467, 57269715463
57269750464, 57269765460
57269800465, 57269815461
57269850466, 57269865462
57269900467, 57269915463
57269950464, 57269965460
57270000418, 57270015414
57270050451, 57270065447
57270100464, 57270115460
57270150461, 57270165457
57270200450, 57270215446
57270250467, 57270265463
57270300460, 57270315456
57270350461, 57270365457
57270400462, 57270415458
57270450463, 57270465459
57270500464, 57270515460
57270550465, 57270565461
57270600462, 57270615458
57270650463, 57270665459
57270700464, 57270715460
57270750465, 57270765461
57270800466, 57270815462
57270850463, 57270865459
57270900464, 57270915460
57270950465, 57270965461
57271000411, 57271015407
57271050448, 57271065444
57271100441, 57271115437
57271150458, 57271165454
57271200447, 57271215443
57271250440, 57271265436
57271300441, 57271315437
57271350442, 57271365438
57271400443, 57271415439
57271450460, 57271465456
57271500466, 57271515462
57271550463, 57271565459
57271600464, 57271615460
57271650469, 57271665465
57271700470, 57271715466
57271750463, 57271765459
57271800464, 57271815460
57271850465, 57271865461
57271900462, 57271915458
57271950467, 57271965463
57272000409, 57272015405
57272050446, 57272065442
57272100439, 57272115435
57272150460, 57272165456
57272200445, 57272215441
57272250442, 57272265438
57272300459, 57272315455
57272350460, 57272365456
57272400461, 57272415457
57272450462, 57272465458
57272500443, 57272515439
57272550444, 57272565440
57272600461, 57272615457
57272650462, 57272665458
57272700463, 57272715459
57272750468, 57272765464
57272800469, 57272815465
57272850470, 57272865466
57272900467, 57272915463
57272950468, 57272965464
57273000406, 57273015402
57273050443, 57273065439
57273100436, 57273115432
57273150457, 57273165453
57273200446, 57273215442
57273250455, 57273265451
57273300436, 57273315432
57273350437, 57273365433
57273400438, 57273415434
57273450455, 57273465451
57273500457, 57273515453
57273550458, 57273565454
57273600463, 57273615459
57273650464, 57273665460
57273700465, 57273715461
57273750462, 57273765458
57273800463, 57273815459
57273850464, 57273865460
57273900465, 57273915461
57273950462, 57273965458
57274000404, 57274015400
57274050437, 57274065433
57274100454, 57274115450
57274150447, 57274165443
57274200436, 57274215432
57274250453, 57274265449
57274300454, 57274315450
57274350447, 57274365443
57274400448, 57274415444
57274450445, 57274465441
57274500447, 57274515443
57274550448, 57274565444
57274600441, 57274615437
57274650442, 57274665438
57274700443, 57274715439
57274750448, 57274765444
57274800449, 57274815445
57274850450, 57274865446
57274900467, 57274915463
57274950468, 57274965464
57275000402, 57275015398
57275050439, 57275065435
57275100432, 57275115428
57275150453, 57275165449
57275200446, 57275215442
57275250451, 57275265447
57275300452, 57275315448
57275350453, 57275365449
57275400454, 57275415450
57275450455, 57275465451
57275500452, 57275515448
57275550453, 57275565449
57275600454, 57275615450
57275650455, 57275665451
57275700456, 57275715452
57275750457, 57275765453
57275800450, 57275815446
57275850451, 57275865447
57275900452, 57275915448
57275950453, 57275965449
57276000395, 57276015391
57276050428, 57276065424
57276100441, 57276115437
57276150438, 57276165434
57276200423, 57276215419
57276250444, 57276265440
57276300445, 57276315441
57276350438, 57276365434
57276400443, 57276415439
57276450444, 57276465440
57276500446, 57276515442
57276550447, 57276565443
57276600448, 57276615444
57276650441, 57276665437
57276700442, 57276715438
57276750447, 57276765443
57276800448, 57276815444
57276850453, 57276865449
57276900454, 57276915450
57276950451, 57276965447
57277000393, 57277015389
57277050430, 57277065426
57277100423, 57277115419
57277150420, 57277165416
57277200441, 57277215437
57277250422, 57277265418
57277300427, 57277315423
57277350428, 57277365424
57277400429, 57277415425
57277450430, 57277465426
57277500447, 57277515443
57277550448, 57277565444
57277600429, 57277615425
57277650430, 57277665426
57277700435, 57277715431
57277750436, 57277765432
57277800453, 57277815449
57277850434, 57277865430
57277900435, 57277915431
57277950436, 57277965432
57278000390, 57278015386
57278050423, 57278065419
57278100436, 57278115432
57278150429, 57278165425
57278200418, 57278215414
57278250435, 57278265431
57278300432, 57278315428
57278350437, 57278365433
57278400430, 57278415426
57278450435, 57278465431
57278500437, 57278515433
57278550438, 57278565434
57278600439, 57278615435
57278650436, 57278665432
57278700437, 57278715433
57278750438, 57278765434
57278800439, 57278815435
57278850444, 57278865440
57278900449, 57278915445
57278950442, 57278965438
57279000388, 57279015384
57279050421, 57279065417
57279100414, 57279115410
57279150435, 57279165431
57279200420, 57279215416
57279250429, 57279265425
57279300434, 57279315430
57279350431, 57279365427
57279400436, 57279415432
57279450437, 57279465433
57279500439, 57279515435
57279550432, 57279565428
57279600433, 57279615429
57279650434, 57279665430
57279700435, 57279715431
57279750436, 57279765432
57279800429, 57279815425
57279850430, 57279865426
57279900431, 57279915427
57279950432, 57279965428
57280000382, 57280015378
57280050419, 57280065415
57280100428, 57280115424
57280150425, 57280165421
57280200430, 57280215426
57280250427, 57280265423
57280300428, 57280315424
57280350425, 57280365421
57280400422, 57280415418
57280450423, 57280465419
57280500424, 57280515420
57280550425, 57280565421
57280600426, 57280615422
57280650427, 57280665423
57280700420, 57280715416
57280750421, 57280765417
57280800426, 57280815422
57280850427, 57280865423
57280900428, 57280915424
57280950449, 57280965445
57281000379, 57281015375
57281050416, 57281065412
57281100409, 57281115405
57281150406, 57281165402
57281200423, 57281215419
57281250428, 57281265424
57281300409, 57281315405
57281350410, 57281365406
57281400431, 57281415427
57281450412, 57281465408
57281500414, 57281515410
57281550431, 57281565427
57281600432, 57281615428
57281650433, 57281665429
57281700438, 57281715434
57281750439, 57281765435
57281800440, 57281815436
57281850433, 57281865429
57281900438, 57281915434
57281950439, 57281965435
57282000377, 57282015373
57282050410, 57282065406
57282100427, 57282115423
57282150416, 57282165412
57282200413, 57282215409
57282250418, 57282265414
57282300419, 57282315415
57282350420, 57282365416
57282400413, 57282415409
57282450418, 57282465414
57282500419, 57282515415
57282550416, 57282565412
57282600417, 57282615413
57282650422, 57282665418
57282700415, 57282715411
57282750420, 57282765416
57282800421, 57282815417
57282850422, 57282865418
57282900423, 57282915419
57282950428, 57282965424
57283000370, 57283015366
57283050407, 57283065403
57283100396, 57283115392
57283150421, 57283165417
57283200418, 57283215414
57283250403, 57283265399
57283300400, 57283315396
57283350401, 57283365397
57283400406, 57283415402
57283450407, 57283465403
57283500409, 57283515405
57283550406, 57283565402
57283600411, 57283615407
57283650412, 57283665408
57283700417, 57283715413
57283750418, 57283765414
57283800419, 57283815415
57283850416, 57283865412
57283900417, 57283915413
57283950418, 57283965414
57284000368, 57284015364
57284050401, 57284065397
57284100394, 57284115390
57284150407, 57284165403
57284200396, 57284215392
57284250417, 57284265413
57284300418, 57284315414
57284350419, 57284365415
57284400400, 57284415396
57284450417, 57284465413
57284500422, 57284515418
57284550423, 57284565419
57284600424, 57284615420
57284650405, 57284665401
57284700430, 57284715426
57284750427, 57284765423
57284800428, 57284815424
57284850429, 57284865425
57284900430, 57284915426
57284950431, 57284965427
57285000365, 57285015361
57285050398, 57285065394
57285100391, 57285115387
57285150412, 57285165408
57285200397, 57285215393
57285250398, 57285265394
57285300395, 57285315391
57285350400, 57285365396
57285400401, 57285415397
57285450402, 57285465398
57285500404, 57285515400
57285550405, 57285565401
57285600422, 57285615418
57285650423, 57285665419
57285700424, 57285715420
57285750425, 57285765421
57285800426, 57285815422
57285850407, 57285865403
57285900428, 57285915424
57285950429, 57285965425
57286000363, 57286015359
57286050400, 57286065396
57286100393, 57286115389
57286150410, 57286165406
57286200399, 57286215395
57286250412, 57286265408
57286300413, 57286315409
57286350414, 57286365410
57286400415, 57286415411
57286450408, 57286465404
57286500410, 57286515406
57286550411, 57286565407
57286600412, 57286615408
57286650413, 57286665409
57286700414, 57286715410
57286750407, 57286765403
57286800408, 57286815404
57286850409, 57286865405
57286900414, 57286915410
57286950415, 57286965411
57287000357, 57287015353
57287050386, 57287065382
57287100399, 57287115395
57287150396, 57287165392
57287200405, 57287215401
57287250402, 57287265398
57287300403, 57287315399
57287350400, 57287365396
57287400401, 57287415397
57287450402, 57287465398
57287500403, 57287515399
57287550404, 57287565400
57287600401, 57287615397
57287650402, 57287665398
57287700407, 57287715403
57287750408, 57287765404
57287800409, 57287815405
57287850410, 57287865406
57287900403, 57287915399
57287950408, 57287965404
57288000354, 57288015350
57288050387, 57288065383
57288100404, 57288115400
57288150401, 57288165397
57288200386, 57288215382
57288250399, 57288265395
57288300400, 57288315396
57288350401, 57288365397
57288400406, 57288415402
57288450407, 57288465403
57288500405, 57288515401
57288550406, 57288565402
57288600407, 57288615403
57288650408, 57288665404
57288700409, 57288715405
57288750410, 57288765406
57288800407, 57288815403
57288850408, 57288865404
57288900413, 57288915409
57288950414, 57288965410
57289000352, 57289015348
57289050377, 57289065373
57289100394, 57289115390
57289150391, 57289165387
57289200380, 57289215376
57289250401, 57289265397
57289300402, 57289315398
57289350399, 57289365395
57289400400, 57289415396
57289450401, 57289465397
57289500398, 57289515394
57289550403, 57289565399
57289600404, 57289615400
57289650401, 57289665397
57289700402, 57289715398
57289750407, 57289765403
57289800408, 57289815404
57289850409, 57289865405
57289900410, 57289915406
57289950407, 57289965403
57290000345, 57290015341
57290050382, 57290065378
57290100375, 57290115371
57290150372, 57290165368
57290200377, 57290215373
57290250394, 57290265390
57290300395, 57290315391
57290350396, 57290365392
57290400397, 57290415393
57290450398, 57290465394
57290500396, 57290515392
57290550393, 57290565389
57290600398, 57290615394
57290650399, 57290665395
57290700400, 57290715396
57290750401, 57290765397
57290800398, 57290815394
57290850399, 57290865395
57290900404, 57290915400
57290950405, 57290965401
57291000343, 57291015339
57291050376, 57291065372
57291100389, 57291115385
57291150386, 57291165382
57291200379, 57291215375
57291250372, 57291265368
57291300373, 57291315369
57291350398, 57291365394
57291400395, 57291415391
57291450396, 57291465392
57291500397, 57291515393
57291550398, 57291565394
57291600379, 57291615375
57291650400, 57291665396
57291700381, 57291715377
57291750382, 57291765378
57291800383, 57291815379
57291850388, 57291865384
57291900389, 57291915385
57291950406, 57291965402
57292000340, 57292015336
57292050377, 57292065373
57292100370, 57292115366
57292150371, 57292165367
57292200388, 57292215384
57292250373, 57292265369
57292300374, 57292315370
57292350379, 57292365375
57292400380, 57292415376
57292450385, 57292465381
57292500391, 57292515387
57292550384, 57292565380
57292600389, 57292615385
57292650390, 57292665386
57292700395, 57292715391
57292750396, 57292765392
57292800389, 57292815385
57292850394, 57292865390
57292900395, 57292915391
57292950400, 57292965396
57293000334, 57293015330
57293050371, 57293065367
57293100360, 57293115356
57293150381, 57293165377
57293200374, 57293215370
57293250367, 57293265363
57293300368, 57293315364
57293350369, 57293365365
57293400366, 57293415362
57293450367, 57293465363
57293500373, 57293515369
57293550374, 57293565370
57293600375, 57293615371
57293650376, 57293665372
57293700373, 57293715369
57293750374, 57293765370
57293800379, 57293815375
57293850380, 57293865376
57293900385, 57293915381
57293950386, 57293965382
57294000332, 57294015328
57294050369, 57294065365
57294100362, 57294115358
57294150359, 57294165355
57294200376, 57294215372
57294250365, 57294265361
57294300366, 57294315362
57294350367, 57294365363
57294400368, 57294415364
57294450369, 57294465365
57294500370, 57294515366
57294550367, 57294565363
57294600368, 57294615364
57294650369, 57294665365
57294700370, 57294715366
57294750371, 57294765367
57294800372, 57294815368
57294850393, 57294865389
57294900374, 57294915370
57294950375, 57294965371
57295000329, 57295015325
57295050362, 57295065358
57295100379, 57295115375
57295150368, 57295165364
57295200377, 57295215373
57295250374, 57295265370
57295300375, 57295315371
57295350376, 57295365372
57295400369, 57295415365
57295450370, 57295465366
57295500372, 57295515368
57295550373, 57295565369
57295600374, 57295615370
57295650375, 57295665371
57295700372, 57295715368
57295750369, 57295765365
57295800370, 57295815366
57295850375, 57295865371
57295900376, 57295915372
57295950377, 57295965373
57296000327, 57296015323
57296050364, 57296065360
57296100357, 57296115353
57296150354, 57296165350
57296200355, 57296215351
57296250360, 57296265356
57296300357, 57296315353
57296350358, 57296365354
57296400359, 57296415355
57296450360, 57296465356
57296500365, 57296515361
57296550390, 57296565386
57296600383, 57296615379
57296650384, 57296665380
57296700365, 57296715361
57296750366, 57296765362
57296800367, 57296815363
57296850384, 57296865380
57296900385, 57296915381
57296950386, 57296965382
57297000324, 57297015320
57297050357, 57297065353
57297100350, 57297115346
57297150367, 57297165363
57297200372, 57297215368
57297250369, 57297265365
57297300374, 57297315370
57297350375, 57297365371
57297400376, 57297415372
57297450373, 57297465369
57297500375, 57297515371
57297550376, 57297565372
57297600377, 57297615373
57297650378, 57297665374
57297700383, 57297715379
57297750376, 57297765372
57297800377, 57297815373
57297850378, 57297865374
57297900383, 57297915379
57297950384, 57297965380
57298000318, 57298015314
57298050359, 57298065355
57298100352, 57298115348
57298150349, 57298165345
57298200362, 57298215358
57298250351, 57298265347
57298300348, 57298315344
57298350349, 57298365345
57298400354, 57298415350
57298450355, 57298465351
57298500357, 57298515353
57298550358, 57298565354
57298600355, 57298615351
57298650356, 57298665352
57298700361, 57298715357
57298750362, 57298765358
57298800363, 57298815359
57298850364, 57298865360
57298900361, 57298915357
57298950366, 57298965362
57299000316, 57299015312
57299050353, 57299065349
57299100346, 57299115342
57299150367, 57299165363
57299200360, 57299215356
57299250365, 57299265361
57299300346, 57299315342
57299350347, 57299365343
57299400348, 57299415344
57299450365, 57299465361
57299500366, 57299515362
57299550367, 57299565363
57299600372, 57299615368
57299650373, 57299665369
57299700374, 57299715370
57299750371, 57299765367
57299800372, 57299815368
57299850373, 57299865369
57299900374, 57299915370
57299950375, 57299965371
57300000317, 57300015313
57300050342, 57300065338
57300100359, 57300115355
57300150352, 57300165348
57300200349, 57300215345
57300250358, 57300265354
57300300363, 57300315359
57300350360, 57300365356
57300400361, 57300415357
57300450366, 57300465362
57300500368, 57300515364
57300550369, 57300565365
57300600366, 57300615362
57300650367, 57300665363
57300700372, 57300715368
57300750373, 57300765369
57300800374, 57300815370
57300850379, 57300865375
57300900376, 57300915372
57300950377, 57300965373
57301000307, 57301015303
57301050348, 57301065344
57301100341, 57301115337
57301150338, 57301165334
57301200339, 57301215335
57301250336, 57301265332
57301300341, 57301315337
57301350342, 57301365338
57301400343, 57301415339
57301450344, 57301465340
57301500341, 57301515337
57301550346, 57301565342
57301600347, 57301615343
57301650352, 57301665348
57301700353, 57301715349
57301750346, 57301765342
57301800347, 57301815343
57301850352, 57301865348
57301900353, 57301915349
57301950354, 57301965350
57302000304, 57302015300
57302050329, 57302065325
57302100350, 57302115346
57302150343, 57302165339
57302200352, 57302215348
57302250349, 57302265345
57302300350, 57302315346
57302350347, 57302365343
57302400352, 57302415348
57302450357, 57302465353
57302500359, 57302515355
57302550360, 57302565356
57302600361, 57302615357
57302650358, 57302665354
57302700359, 57302715355
57302750360, 57302765356
57302800361, 57302815357
57302850366, 57302865362
57302900367, 57302915363
57302950364, 57302965360
57303000302, 57303015298
57303050335, 57303065331
57303100328, 57303115324
57303150353, 57303165349
57303200330, 57303215326
57303250351, 57303265347
57303300352, 57303315348
57303350353, 57303365349
57303400354, 57303415350
57303450335, 57303465331
57303500352, 57303515348
57303550353, 57303565349
57303600358, 57303615354
57303650359, 57303665355
57303700340, 57303715336
57303750341, 57303765337
57303800362, 57303815358
57303850363, 57303865359
57303900344, 57303915340
57303950345, 57303965341
57304000295, 57304015291
57304050336, 57304065332
57304100325, 57304115321
57304150322, 57304165318
57304200343, 57304215339
57304250340, 57304265336
57304300341, 57304315337
57304350338, 57304365334
57304400343, 57304415339
57304450344, 57304465340
57304500330, 57304515326
57304550351, 57304565347
57304600352, 57304615348
57304650349, 57304665345
57304700350, 57304715346
57304750351, 57304765347
57304800352, 57304815348
57304850353, 57304865349
57304900354, 57304915350
57304950351, 57304965347
57305000293, 57305015289
57305050330, 57305065326
57305100323, 57305115319
57305150320, 57305165316
57305200321, 57305215317
57305250338, 57305265334
57305300339, 57305315335
57305350340, 57305365336
57305400345, 57305415341
57305450346, 57305465342
57305500348, 57305515344
57305550345, 57305565341
57305600350, 57305615346
57305650351, 57305665347
57305700332, 57305715328
57305750333, 57305765329
57305800350, 57305815346
57305850347, 57305865343
57305900348, 57305915344
57305950349, 57305965345
57306000291, 57306015287
57306050328, 57306065324
57306100337, 57306115333
57306150330, 57306165326
57306200331, 57306215327
57306250328, 57306265324
57306300329, 57306315325
57306350330, 57306365326
57306400323, 57306415319
57306450324, 57306465320
57306500329, 57306515325
57306550326, 57306565322
57306600327, 57306615323
57306650328, 57306665324
57306700349, 57306715345
57306750346, 57306765342
57306800347, 57306815343
57306850352, 57306865348
57306900353, 57306915349
57306950354, 57306965350
57307000284, 57307015280
57307050321, 57307065317
57307100310, 57307115306
57307150331, 57307165327
57307200328, 57307215324
57307250325, 57307265321
57307300326, 57307315322
57307350327, 57307365323
57307400328, 57307415324
57307450329, 57307465325
57307500331, 57307515327
57307550328, 57307565324
57307600329, 57307615325
57307650330, 57307665326
57307700331, 57307715327
57307750332, 57307765328
57307800333, 57307815329
57307850330, 57307865326
57307900331, 57307915327
57307950332, 57307965328
57308000282, 57308015278
57308050319, 57308065315
57308100336, 57308115332
57308150325, 57308165321
57308200318, 57308215314
57308250327, 57308265323
57308300328, 57308315324
57308350333, 57308365329
57308400326, 57308415322
57308450331, 57308465327
57308500332, 57308515328
57308550337, 57308565333
57308600338, 57308615334
57308650339, 57308665335
57308700336, 57308715332
57308750337, 57308765333
57308800342, 57308815338
57308850323, 57308865319
57308900328, 57308915324
57308950329, 57308965325
57309000279, 57309015275
57309050316, 57309065312
57309100309, 57309115305
57309150306, 57309165302
57309200327, 57309215323
57309250332, 57309265328
57309300329, 57309315325
57309350310, 57309365306
57309400311, 57309415307
57309450312, 57309465308
57309500318, 57309515314
57309550315, 57309565311
57309600316, 57309615312
57309650321, 57309665317
57309700322, 57309715318
57309750327, 57309765323
57309800328, 57309815324
57309850321, 57309865317
57309900326, 57309915322
57309950327, 57309965323
57310000273, 57310015269
57310050306, 57310065302
57310100299, 57310115295
57310150316, 57310165312
57310200309, 57310215305
57310250318, 57310265314
57310300319, 57310315315
57310350324, 57310365320
57310400325, 57310415321
57310450322, 57310465318
57310500328, 57310515324
57310550309, 57310565305
57310600310, 57310615306
57310650311, 57310665307
57310700336, 57310715332
57310750333, 57310765329
57310800334, 57310815330
57310850315, 57310865311
57310900320, 57310915316
57310950321, 57310965317
57311000271, 57311015267
57311050312, 57311065308
57311100301, 57311115297
57311150302, 57311165298
57311200315, 57311215311
57311250320, 57311265316
57311300317, 57311315313
57311350322, 57311365318
57311400323, 57311415319
57311450324, 57311465320
57311500325, 57311515321
57311550306, 57311565302
57311600323, 57311615319
57311650328, 57311665324
57311700329, 57311715325
57311750310, 57311765306
57311800311, 57311815307
57311850316, 57311865312
57311900313, 57311915309
57311950314, 57311965310
57312000268, 57312015264
57312050305, 57312065301
57312100298, 57312115294
57312150315, 57312165311
57312200304, 57312215300
57312250297, 57312265293
57312300298, 57312315294
57312350299, 57312365295
57312400300, 57312415296
57312450321, 57312465317
57312500303, 57312515299
57312550304, 57312565300
57312600309, 57312615305
57312650310, 57312665306
57312700311, 57312715307
57312750308, 57312765304
57312800309, 57312815305
57312850314, 57312865310
57312900315, 57312915311
57312950320, 57312965316
57313000266, 57313015262
57313050303, 57313065299
57313100296, 57313115292
57313150297, 57313165293
57313200306, 57313215302
57313250303, 57313265299
57313300304, 57313315300
57313350301, 57313365297
57313400306, 57313415302
57313450307, 57313465303
57313500312, 57313515308
57313550313, 57313565309
57313600310, 57313615306
57313650315, 57313665311
57313700316, 57313715312
57313750321, 57313765317
57313800322, 57313815318
57313850323, 57313865319
57313900320, 57313915316
57313950321, 57313965317
57314000259, 57314015255
57314050296, 57314065292
57314100289, 57314115285
57314150290, 57314165286
57314200303, 57314215299
57314250288, 57314265284
57314300293, 57314315289
57314350294, 57314365290
57314400299, 57314415295
57314450304, 57314465300
57314500298, 57314515294
57314550303, 57314565299
57314600308, 57314615304
57314650313, 57314665309
57314700318, 57314715314
57314750311, 57314765307
57314800312, 57314815308
57314850317, 57314865313
57314900318, 57314915314
57314950319, 57314965315
57315000257, 57315015253
57315050286, 57315065282
57315100303, 57315115299
57315150304, 57315165300
57315200305, 57315215301
57315250286, 57315265282
57315300291, 57315315287
57315350288, 57315365284
57315400293, 57315415289
57315450294, 57315465290
57315500299, 57315515295
57315550300, 57315565296
57315600305, 57315615301
57315650302, 57315665298
57315700303, 57315715299
57315750308, 57315765304
57315800309, 57315815305
57315850314, 57315865310
57315900315, 57315915311
57315950312, 57315965308
57316000254, 57316015250
57316050295, 57316065291
57316100288, 57316115284
57316150289, 57316165285
57316200286, 57316215282
57316250283, 57316265279
57316300288, 57316315284
57316350289, 57316365285
57316400290, 57316415286
57316450295, 57316465291
57316500293, 57316515289
57316550294, 57316565290
57316600295, 57316615291
57316650300, 57316665296
57316700305, 57316715301
57316750306, 57316765302
57316800303, 57316815299
57316850304, 57316865300
57316900309, 57316915305
57316950310, 57316965306
57317000252, 57317015248
57317050285, 57317065281
57317100294, 57317115290
57317150295, 57317165291
57317200284, 57317215280
57317250301, 57317265297
57317300282, 57317315278
57317350299, 57317365295
57317400300, 57317415296
57317450301, 57317465297
57317500307, 57317515303
57317550308, 57317565304
57317600309, 57317615305
57317650302, 57317665298
57317700307, 57317715303
57317750308, 57317765304
57317800309, 57317815305
57317850310, 57317865306
57317900311, 57317915307
57317950308, 57317965304
57318000246, 57318015242
57318050287, 57318065283
57318100280, 57318115276
57318150281, 57318165277
57318200278, 57318215274
57318250279, 57318265275
57318300280, 57318315276
57318350281, 57318365277
57318400286, 57318415282
57318450287, 57318465283
57318500292, 57318515288
57318550289, 57318565285
57318600294, 57318615290
57318650295, 57318665291
57318700300, 57318715296
57318750301, 57318765297
57318800298, 57318815294
57318850299, 57318865295
57318900300, 57318915296
57318950301, 57318965297
57319000243, 57319015239
57319050276, 57319065272
57319100285, 57319115281
57319150282, 57319165278
57319200271, 57319215267
57319250280, 57319265276
57319300281, 57319315277
57319350286, 57319365282
57319400279, 57319415275
57319450284, 57319465280
57319500286, 57319515282
57319550287, 57319565283
57319600288, 57319615284
57319650289, 57319665285
57319700286, 57319715282
57319750287, 57319765283
57319800288, 57319815284
57319850293, 57319865289
57319900294, 57319915290
57319950287, 57319965283
57320000241, 57320015237
57320050274, 57320065270
57320100267, 57320115263
57320150288, 57320165284
57320200269, 57320215265
57320250286, 57320265282
57320300287, 57320315283
57320350288, 57320365284
57320400289, 57320415285
57320450290, 57320465286
57320500291, 57320515287
57320550288, 57320565284
57320600289, 57320615285
57320650290, 57320665286
57320700291, 57320715287
57320750292, 57320765288
57320800293, 57320815289
57320850290, 57320865286
57320900291, 57320915287
57320950292, 57320965288
57321000234, 57321015230
57321050271, 57321065267
57321100288, 57321115284
57321150281, 57321165277
57321200270, 57321215266
57321250283, 57321265279
57321300284, 57321315280
57321350285, 57321365281
57321400278, 57321415274
57321450283, 57321465279
57321500285, 57321515281
57321550286, 57321565282
57321600287, 57321615283
57321650288, 57321665284
57321700285, 57321715281
57321750290, 57321765286
57321800291, 57321815287
57321850292, 57321865288
57321900297, 57321915293
57321950298, 57321965294
57322000232, 57322015228
57322050273, 57322065269
57322100266, 57322115262
57322150263, 57322165259
57322200280, 57322215276
57322250289, 57322265285
57322300282, 57322315278
57322350263, 57322365259
57322400264, 57322415260
57322450265, 57322465261
57322500271, 57322515267
57322550288, 57322565284
57322600269, 57322615265
57322650270, 57322665266
57322700275, 57322715271
57322750276, 57322765272
57322800277, 57322815273
57322850274, 57322865270
57322900279, 57322915275
57322950280, 57322965276
57323000230, 57323015226
57323050267, 57323065263
57323100260, 57323115256
57323150277, 57323165273
57323200258, 57323215254
57323250279, 57323265275
57323300260, 57323315256
57323350261, 57323365257
57323400266, 57323415262
57323450283, 57323465279
57323500264, 57323515260
57323550265, 57323565261
57323600266, 57323615262
57323650271, 57323665267
57323700276, 57323715272
57323750273, 57323765269
57323800274, 57323815270
57323850275, 57323865271
57323900280, 57323915276
57323950281, 57323965277
57324000223, 57324015219
57324050264, 57324065260
57324100257, 57324115253
57324150254, 57324165250
57324200271, 57324215267
57324250260, 57324265256
57324300261, 57324315257
57324350262, 57324365258
57324400267, 57324415263
57324450268, 57324465264
57324500274, 57324515270
57324550275, 57324565271
57324600272, 57324615268
57324650277, 57324665273
57324700282, 57324715278
57324750283, 57324765279
57324800264, 57324815260
57324850293, 57324865289
57324900266, 57324915262
57324950271, 57324965267
57325000221, 57325015217
57325050262, 57325065258
57325100255, 57325115251
57325150248, 57325165244
57325200269, 57325215265
57325250254, 57325265250
57325300259, 57325315255
57325350260, 57325365256
57325400261, 57325415257
57325450258, 57325465254
57325500259, 57325515255
57325550264, 57325565260
57325600265, 57325615261
57325650266, 57325665262
57325700267, 57325715263
57325750268, 57325765264
57325800269, 57325815265
57325850274, 57325865270
57325900275, 57325915271
57325950280, 57325965276
57326000218, 57326015214
57326050255, 57326065251
57326100248, 57326115244
57326150249, 57326165245
57326200266, 57326215262
57326250255, 57326265251
57326300252, 57326315248
57326350253, 57326365249
57326400258, 57326415254
57326450259, 57326465255
57326500265, 57326515261
57326550266, 57326565262
57326600263, 57326615259
57326650268, 57326665264
57326700273, 57326715269
57326750274, 57326765270
57326800279, 57326815275
57326850260, 57326865256
57326900281, 57326915277
57326950282, 57326965278
57327000216, 57327015212
57327050249, 57327065245
57327100262, 57327115258
57327150259, 57327165255
57327200260, 57327215256
57327250261, 57327265257
57327300262, 57327315258
57327350267, 57327365263
57327400268, 57327415264
57327450269, 57327465265
57327500266, 57327515262
57327550271, 57327565267
57327600272, 57327615268
57327650273, 57327665269
57327700254, 57327715250
57327750271, 57327765267
57327800276, 57327815272
57327850277, 57327865273
57327900278, 57327915274
57327950259, 57327965255
57328000209, 57328015205
57328050242, 57328065238
57328100235, 57328115231
57328150236, 57328165232
57328200249, 57328215245
57328250242, 57328265238
57328300247, 57328315243
57328350244, 57328365240
57328400245, 57328415241
57328450250, 57328465246
57328500256, 57328515252
57328550257, 57328565253
57328600262, 57328615258
57328650259, 57328665255
57328700260, 57328715256
57328750265, 57328765261
57328800266, 57328815262
57328850271, 57328865267
57328900272, 57328915268
57328950269, 57328965265
57329000207, 57329015203
57329050248, 57329065244
57329100241, 57329115237
57329150238, 57329165234
57329200247, 57329215243
57329250240, 57329265236
57329300245, 57329315241
57329350246, 57329365242
57329400247, 57329415243
57329450252, 57329465248
57329500250, 57329515246
57329550251, 57329565247
57329600256, 57329615252
57329650257, 57329665253
57329700262, 57329715258
57329750263, 57329765259
57329800260, 57329815256
57329850265, 57329865261
57329900270, 57329915266
57329950271, 57329965267
57330000205, 57330015201
57330050242, 57330065238
57330100231, 57330115227
57330150232, 57330165228
57330200237, 57330215233
57330250234, 57330265230
57330300239, 57330315235
57330350236, 57330365232
57330400237, 57330415233
57330450242, 57330465238
57330500247, 57330515243
57330550248, 57330565244
57330600253, 57330615249
57330650250, 57330665246
57330700255, 57330715251
57330750256, 57330765252
57330800261, 57330815257
57330850262, 57330865258
57330900267, 57330915263
57330950264, 57330965260
57331000198, 57331015194
57331050235, 57331065231
57331100228, 57331115224
57331150229, 57331165225
57331200246, 57331215242
57331250227, 57331265223
57331300232, 57331315228
57331350237, 57331365233
57331400238, 57331415234
57331450239, 57331465235
57331500241, 57331515237
57331550242, 57331565238
57331600247, 57331615243
57331650248, 57331665244
57331700253, 57331715249
57331750258, 57331765254
57331800255, 57331815251
57331850256, 57331865252
57331900261, 57331915257
57331950242, 57331965238
57332000196, 57332015192
57332050229, 57332065225
57332100242, 57332115238
57332150239, 57332165235
57332200240, 57332215236
57332250245, 57332265241
57332300226, 57332315222
57332350227, 57332365223
57332400248, 57332415244
57332450229, 57332465225
57332500234, 57332515230
57332550235, 57332565231
57332600240, 57332615236
57332650241, 57332665237
57332700238, 57332715234
57332750243, 57332765239
57332800244, 57332815240
57332850249, 57332865245
57332900254, 57332915250
57332950251, 57332965247
57333000193, 57333015189
57333050234, 57333065230
57333100227, 57333115223
57333150224, 57333165220
57333200233, 57333215229
57333250226, 57333265222
57333300231, 57333315227
57333350232, 57333365228
57333400233, 57333415229
57333450238, 57333465234
57333500240, 57333515236
57333550237, 57333565233
57333600238, 57333615234
57333650239, 57333665235
57333700244, 57333715240
57333750245, 57333765241
57333800246, 57333815242
57333850243, 57333865239
57333900244, 57333915240
57333950249, 57333965245
57334000187, 57334015183
57334050228, 57334065224
57334100217, 57334115213
57334150214, 57334165210
57334200219, 57334215215
57334250220, 57334265216
57334300221, 57334315217
57334350226, 57334365222
57334400223, 57334415219
57334450224, 57334465220
57334500230, 57334515226
57334550235, 57334565231
57334600236, 57334615232
57334650237, 57334665233
57334700238, 57334715234
57334750239, 57334765235
57334800244, 57334815240
57334850249, 57334865245
57334900250, 57334915246
57334950231, 57334965227
57335000185, 57335015181
57335050222, 57335065218
57335100215, 57335115211
57335150216, 57335165212
57335200229, 57335215225
57335250222, 57335265218
57335300215, 57335315211
57335350216, 57335365212
57335400221, 57335415217
57335450222, 57335465218
57335500223, 57335515219
57335550220, 57335565216
57335600221, 57335615217
57335650222, 57335665218
57335700227, 57335715223
57335750228, 57335765224
57335800229, 57335815225
57335850246, 57335865242
57335900227, 57335915223
57335950228, 57335965224
57336000182, 57336015178
57336050215, 57336065211
57336100232, 57336115228
57336150225, 57336165221
57336200226, 57336215222
57336250227, 57336265223
57336300228, 57336315224
57336350229, 57336365225
57336400234, 57336415230
57336450231, 57336465227
57336500233, 57336515229
57336550234, 57336565230
57336600235, 57336615231
57336650236, 57336665232
57336700241, 57336715237
57336750234, 57336765230
57336800235, 57336815231
57336850240, 57336865236
57336900241, 57336915237
57336950242, 57336965238
57337000180, 57337015176
57337050217, 57337065213
57337100210, 57337115206
57337150207, 57337165203
57337200212, 57337215208
57337250213, 57337265209
57337300230, 57337315226
57337350231, 57337365227
57337400232, 57337415228
57337450233, 57337465229
57337500234, 57337515230
57337550235, 57337565231
57337600228, 57337615224
57337650233, 57337665229
57337700234, 57337715230
57337750235, 57337765231
57337800236, 57337815232
57337850237, 57337865233
57337900230, 57337915226
57337950231, 57337965227
57338000173, 57338015169
57338050214, 57338065210
57338100203, 57338115199
57338150220, 57338165216
57338200201, 57338215197
57338250222, 57338265218
57338300223, 57338315219
57338350224, 57338365220
57338400225, 57338415221
57338450222, 57338465218
57338500220, 57338515216
57338550225, 57338565221
57338600226, 57338615222
57338650227, 57338665223
57338700228, 57338715224
57338750221, 57338765217
57338800226, 57338815222
57338850227, 57338865223
57338900232, 57338915228
57338950233, 57338965229
57339000171, 57339015167
57339050208, 57339065204
57339100201, 57339115197
57339150198, 57339165194
57339200219, 57339215215
57339250200, 57339265196
57339300229, 57339315225
57339350222, 57339365218
57339400223, 57339415219
57339450224, 57339465220
57339500205, 57339515201
57339550206, 57339565202
57339600227, 57339615223
57339650228, 57339665224
57339700209, 57339715205
57339750210, 57339765206
57339800215, 57339815211
57339850216, 57339865212
57339900233, 57339915229
57339950214, 57339965210
57340000168, 57340015164
57340050201, 57340065197
57340100194, 57340115190
57340150215, 57340165211
57340200200, 57340215196
57340250213, 57340265209
57340300214, 57340315210
57340350219, 57340365215
57340400220, 57340415216
57340450221, 57340465217
57340500219, 57340515215
57340550220, 57340565216
57340600221, 57340615217
57340650226, 57340665222
57340700227, 57340715223
57340750228, 57340765224
57340800229, 57340815225
57340850210, 57340865206
57340900211, 57340915207
57340950216, 57340965212
57341000162, 57341015158
57341050191, 57341065187
57341100208, 57341115204
57341150209, 57341165205
57341200198, 57341215194
57341250191, 57341265187
57341300196, 57341315192
57341350193, 57341365189
57341400194, 57341415190
57341450195, 57341465191
57341500201, 57341515197
57341550202, 57341565198
57341600207, 57341615203
57341650204, 57341665200
57341700205, 57341715201
57341750210, 57341765206
57341800211, 57341815207
57341850212, 57341865208
57341900209, 57341915205
57341950210, 57341965206
57342000160, 57342015156
57342050201, 57342065197
57342100194, 57342115190
57342150191, 57342165187
57342200196, 57342215192
57342250193, 57342265189
57342300194, 57342315190
57342350195, 57342365191
57342400200, 57342415196
57342450201, 57342465197
57342500198, 57342515194
57342550199, 57342565195
57342600200, 57342615196
57342650205, 57342665201
57342700206, 57342715202
57342750207, 57342765203
57342800204, 57342815200
57342850209, 57342865205
57342900214, 57342915210
57342950215, 57342965211
57343000157, 57343015153
57343050198, 57343065194
57343100183, 57343115179
57343150208, 57343165204
57343200193, 57343215189
57343250186, 57343265182
57343300191, 57343315187
57343350188, 57343365184
57343400193, 57343415189
57343450194, 57343465190
57343500196, 57343515192
57343550197, 57343565193
57343600202, 57343615198
57343650199, 57343665195
57343700200, 57343715196
57343750205, 57343765201
57343800206, 57343815202
57343850211, 57343865207
57343900212, 57343915208
57343950209, 57343965205
57344000155, 57344015151
57344050188, 57344065184
57344100181, 57344115177
57344150182, 57344165178
57344200211, 57344215207
57344250204, 57344265200
57344300185, 57344315181
57344350186, 57344365182
57344400191, 57344415187
57344450192, 57344465188
57344500189, 57344515185
57344550194, 57344565190
57344600199, 57344615195
57344650200, 57344665196
57344700205, 57344715201
57344750206, 57344765202
57344800203, 57344815199
57344850204, 57344865200
57344900209, 57344915205
57344950214, 57344965210
57345000148, 57345015144
57345050189, 57345065185
57345100178, 57345115174
57345150175, 57345165171
57345200192, 57345215188
57345250181, 57345265177
57345300182, 57345315178
57345350187, 57345365183
57345400184, 57345415180
57345450189, 57345465185
57345500191, 57345515187
57345550192, 57345565188
57345600193, 57345615189
57345650194, 57345665190
57345700191, 57345715187
57345750192, 57345765188
57345800193, 57345815189
57345850198, 57345865194
57345900199, 57345915195
57345950196, 57345965192
57346000146, 57346015142
57346050183, 57346065179
57346100176, 57346115172
57346150177, 57346165173
57346200190, 57346215186
57346250175, 57346265171
57346300176, 57346315172
57346350181, 57346365177
57346400182, 57346415178
57346450187, 57346465183
57346500188, 57346515184
57346550185, 57346565181
57346600186, 57346615182
57346650191, 57346665187
57346700192, 57346715188
57346750197, 57346765193
57346800198, 57346815194
57346850195, 57346865191
57346900196, 57346915192
57346950201, 57346965197
57347000139, 57347015135
57347050184, 57347065180
57347100173, 57347115169
57347150170, 57347165166
57347200175, 57347215171
57347250180, 57347265176
57347300181, 57347315177
57347350186, 57347365182
57347400183, 57347415179
57347450188, 57347465184
57347500194, 57347515190
57347550195, 57347565191
57347600176, 57347615172
57347650181, 57347665177
57347700198, 57347715194
57347750179, 57347765175
57347800180, 57347815176
57347850185, 57347865181
57347900186, 57347915182
57347950191, 57347965187
57348000137, 57348015133
57348050174, 57348065170
57348100167, 57348115163
57348150164, 57348165160
57348200165, 57348215161
57348250194, 57348265190
57348300167, 57348315163
57348350168, 57348365164
57348400173, 57348415169
57348450174, 57348465170
57348500180, 57348515176
57348550177, 57348565173
57348600178, 57348615174
57348650183, 57348665179
57348700184, 57348715180
57348750185, 57348765181
57348800190, 57348815186
57348850187, 57348865183
57348900188, 57348915184
57348950193, 57348965189
57349000135, 57349015131
57349050176, 57349065172
57349100165, 57349115161
57349150182, 57349165178
57349200171, 57349215167
57349250164, 57349265160
57349300169, 57349315165
57349350174, 57349365170
57349400175, 57349415171
57349450172, 57349465168
57349500173, 57349515169
57349550178, 57349565174
57349600179, 57349615175
57349650184, 57349665180
57349700181, 57349715177
57349750182, 57349765178
57349800187, 57349815183
57349850188, 57349865184
57349900193, 57349915189
57349950194, 57349965190
57350000132, 57350015128
57350050169, 57350065165
57350100162, 57350115158
57350150159, 57350165155
57350200164, 57350215160
57350250165, 57350265161
57350300162, 57350315158
57350350167, 57350365163
57350400168, 57350415164
57350450173, 57350465169
57350500175, 57350515171
57350550180, 57350565176
57350600177, 57350615173
57350650178, 57350665174
57350700179, 57350715175
57350750180, 57350765176
57350800185, 57350815181
57350850186, 57350865182
57350900183, 57350915179
57350950188, 57350965184
57351000126, 57351015122
57351050163, 57351065159
57351100156, 57351115152
57351150173, 57351165169
57351200154, 57351215150
57351250155, 57351265151
57351300156, 57351315152
57351350161, 57351365157
57351400162, 57351415158
57351450159, 57351465155
57351500164, 57351515160
57351550169, 57351565165
57351600174, 57351615170
57351650175, 57351665171
57351700176, 57351715172
57351750173, 57351765169
57351800174, 57351815170
57351850175, 57351865171
57351900180, 57351915176
57351950181, 57351965177
57352000123, 57352015119
57352050168, 57352065164
57352100157, 57352115153
57352150154, 57352165150
57352200163, 57352215159
57352250160, 57352265156
57352300157, 57352315153
57352350158, 57352365154
57352400163, 57352415159
57352450168, 57352465164
57352500170, 57352515166
57352550171, 57352565167
57352600168, 57352615164
57352650173, 57352665169
57352700174, 57352715170
57352750179, 57352765175
57352800180, 57352815176
57352850181, 57352865177
57352900178, 57352915174
57352950179, 57352965175
57353000121, 57353015117
57353050162, 57353065158
57353100155, 57353115151
57353150152, 57353165148
57353200169, 57353215165
57353250170, 57353265166
57353300171, 57353315167
57353350164, 57353365160
57353400157, 57353415153
57353450174, 57353465170
57353500160, 57353515156
57353550157, 57353565153
57353600174, 57353615170
57353650167, 57353665163
57353700160, 57353715156
57353750173, 57353765169
57353800166, 57353815162
57353850183, 57353865179
57353900176, 57353915172
57353950169, 57353965165
57354000115, 57354015111
57354050144, 57354065140
57354100149, 57354115145
57354150162, 57354165158
57354200151, 57354215147
57354250164, 57354265160
57354300157, 57354315153
57354350146, 57354365142
57354400163, 57354415159
57354450156, 57354465152
57354500149, 57354515145
57354550166, 57354565162
57354600159, 57354615155
57354650172, 57354665168
57354700165, 57354715161
57354750158, 57354765154
57354800155, 57354815151
57354850172, 57354865168
57354900161, 57354915157
57354950178, 57354965174
57355000112, 57355015108
57355050137, 57355065133
57355100146, 57355115142
57355150155, 57355165151
57355200156, 57355215152
57355250157, 57355265153
57355300150, 57355315146
57355350147, 57355365143
57355400164, 57355415160
57355450157, 57355465153
57355500147, 57355515143
57355550164, 57355565160
57355600157, 57355615153
57355650154, 57355665150
57355700151, 57355715147
57355750168, 57355765164
57355800153, 57355815149
57355850166, 57355865162
57355900159, 57355915155
57355950176, 57355965172
57356000110, 57356015106
57356050159, 57356065155
57356100136, 57356115132
57356150145, 57356165141
57356200142, 57356215138
57356250151, 57356265147
57356300144, 57356315140
57356350153, 57356365149
57356400146, 57356415142
57356450163, 57356465159
57356500160, 57356515156
57356550149, 57356565145
57356600166, 57356615162
57356650155, 57356665151
57356700148, 57356715144
57356750165, 57356765161
57356800158, 57356815154
57356850155, 57356865151
57356900172, 57356915168
57356950161, 57356965157
57357000103, 57357015099
57357050152, 57357065148
57357100133, 57357115129
57357150142, 57357165138
57357200139, 57357215135
57357250144, 57357265140
57357300141, 57357315137
57357350154, 57357365150
57357400147, 57357415143
57357450140, 57357465136
57357500154, 57357515150
57357550147, 57357565143
57357600140, 57357615136
57357650157, 57357665153
57357700150, 57357715146
57357750147, 57357765143
57357800156, 57357815152
57357850149, 57357865145
57357900146, 57357915142
57357950163, 57357965159
57358000101, 57358015097
57358050150, 57358065146
57358100151, 57358115147
57358150136, 57358165132
57358200129, 57358215125
57358250138, 57358265134
57358300131, 57358315127
57358350148, 57358365144
57358400133, 57358415129
57358450150, 57358465146
57358500143, 57358515139
57358550156, 57358565152
57358600149, 57358615145
57358650162, 57358665158
57358700151, 57358715147
57358750140, 57358765136
57358800157, 57358815153
57358850150, 57358865146
57358900143, 57358915139
57358950156, 57358965152
57359000098, 57359015094
57359050143, 57359065139
57359100124, 57359115120
57359150133, 57359165129
57359200146, 57359215142
57359250131, 57359265127
57359300128, 57359315124
57359350141, 57359365137
57359400134, 57359415130
57359450151, 57359465147
57359500145, 57359515141
57359550154, 57359565150
57359600147, 57359615143
57359650140, 57359665136
57359700157, 57359715153
57359750150, 57359765146
57359800163, 57359815159
57359850148, 57359865144
57359900141, 57359915137
57359950158, 57359965154
57360000096, 57360015092
57360050141, 57360065137
57360100142, 57360115138
57360150127, 57360165123
57360200124, 57360215120
57360250129, 57360265125
57360300146, 57360315142
57360350139, 57360365135
57360400148, 57360415144
57360450141, 57360465137
57360500139, 57360515135
57360550132, 57360565128
57360600149, 57360615145
57360650142, 57360665138
57360700151, 57360715147
57360750144, 57360765140
57360800137, 57360815133
57360850154, 57360865150
57360900147, 57360915143
57360950140, 57360965136
57361000090, 57361015086
57361050115, 57361065111
57361100116, 57361115112
57361150129, 57361165125
57361200122, 57361215118
57361250127, 57361265123
57361300120, 57361315116
57361350137, 57361365133
57361400126, 57361415122
57361450143, 57361465139
57361500136, 57361515132
57361550145, 57361565141
57361600138, 57361615134
57361650127, 57361665123
57361700144, 57361715140
57361750141, 57361765137
57361800130, 57361815126
57361850139, 57361865135
57361900132, 57361915128
57361950149, 57361965145
57362000087, 57362015083
57362050120, 57362065116
57362100125, 57362115121
57362150130, 57362165126
57362200135, 57362215131
57362250136, 57362265132
57362300129, 57362315125
57362350122, 57362365118
57362400139, 57362415135
57362450128, 57362465124
57362500122, 57362515118
57362550139, 57362565135
57362600132, 57362615128
57362650125, 57362665121
57362700134, 57362715130
57362750127, 57362765123
57362800144, 57362815140
57362850137, 57362865133
57362900130, 57362915126
57362950147, 57362965143
57363000085, 57363015081
57363050110, 57363065106
57363100115, 57363115111
57363150124, 57363165120
57363200113, 57363215109
57363250134, 57363265130
57363300123, 57363315119
57363350120, 57363365116
57363400137, 57363415133
57363450130, 57363465126
57363500123, 57363515119
57363550136, 57363565132
57363600125, 57363615121
57363650142, 57363665138
57363700135, 57363715131
57363750128, 57363765124
57363800145, 57363815141
57363850138, 57363865134
57363900127, 57363915123
57363950144, 57363965140
57364000082, 57364015078
57364050127, 57364065123
57364100108, 57364115104
57364150113, 57364165109
57364200122, 57364215118
57364250123, 57364265119
57364300116, 57364315112
57364350133, 57364365129
57364400126, 57364415122
57364450115, 57364465111
57364500133, 57364515129
57364550126, 57364565122
57364600123, 57364615119
57364650140, 57364665136
57364700133, 57364715129
57364750142, 57364765138
57364800135, 57364815131
57364850128, 57364865124
57364900125, 57364915121
57364950142, 57364965138
57365000076, 57365015072
57365050105, 57365065101
57365100110, 57365115106
57365150119, 57365165115
57365200112, 57365215108
57365250109, 57365265105
57365300118, 57365315114
57365350111, 57365365107
57365400128, 57365415124
57365450121, 57365465117
57365500115, 57365515111
57365550132, 57365565128
57365600121, 57365615117
57365650114, 57365665110
57365700131, 57365715127
57365750124, 57365765120
57365800117, 57365815113
57365850138, 57365865134
57365900127, 57365915123
57365950140, 57365965136
57366000074, 57366015070
57366050099, 57366065095
57366100104, 57366115100
57366150113, 57366165109
57366200106, 57366215102
57366250115, 57366265111
57366300108, 57366315104
57366350125, 57366365121
57366400118, 57366415114
57366450107, 57366465103
57366500124, 57366515120
57366550121, 57366565117
57366600110, 57366615106
57366650131, 57366665127
57366700124, 57366715120
57366750133, 57366765129
57366800126, 57366815122
57366850123, 57366865119
57366900116, 57366915112
57366950133, 57366965129
57367000071, 57367015067
57367050112, 57367065108
57367100117, 57367115113
57367150102, 57367165098
57367200103, 57367215099
57367250116, 57367265112
57367300109, 57367315105
57367350118, 57367365114
57367400115, 57367415111
57367450108, 57367465104
57367500126, 57367515122
57367550119, 57367565115
57367600136, 57367615132
57367650125, 57367665121
57367700118, 57367715114
57367750115, 57367765111
57367800132, 57367815128
57367850125, 57367865121
57367900114, 57367915110
57367950131, 57367965127
57368000065, 57368015061
57368050090, 57368065086
57368100095, 57368115091
57368150108, 57368165104
57368200113, 57368215109
57368250110, 57368265106
57368300103, 57368315099
57368350096, 57368365092
57368400113, 57368415109
57368450106, 57368465102
57368500119, 57368515115
57368550112, 57368565108
57368600105, 57368615101
57368650122, 57368665118
57368700115, 57368715111
57368750108, 57368765104
57368800117, 57368815113
57368850110, 57368865106
57368900127, 57368915123
57368950120, 57368965116
57369000062, 57369015058
57369050107, 57369065103
57369100088, 57369115084
57369150097, 57369165093
57369200098, 57369215094
57369250107, 57369265103
57369300100, 57369315096
57369350109, 57369365105
57369400102, 57369415098
57369450095, 57369465091
57369500113, 57369515109
57369550106, 57369565102
57369600099, 57369615095
57369650112, 57369665108
57369700105, 57369715101
57369750122, 57369765118
57369800115, 57369815111
57369850108, 57369865104
57369900125, 57369915121
57369950110, 57369965106
57370000060, 57370015056
57370050085, 57370065081
57370100090, 57370115086
57370150103, 57370165099
57370200104, 57370215100
57370250109, 57370265105
57370300102, 57370315098
57370350095, 57370365091
57370400112, 57370415108
57370450105, 57370465101
57370500094, 57370515090
57370550111, 57370565107
57370600104, 57370615100
57370650101, 57370665097
57370700118, 57370715114
57370750111, 57370765107
57370800120, 57370815116
57370850117, 57370865113
57370900110, 57370915106
57370950107, 57370965103
57371000053, 57371015049
57371050082, 57371065078
57371100083, 57371115079
57371150096, 57371165092
57371200097, 57371215093
57371250086, 57371265082
57371300103, 57371315099
57371350096, 57371365092
57371400085, 57371415081
57371450102, 57371465098
57371500096, 57371515092
57371550089, 57371565085
57371600106, 57371615102
57371650095, 57371665091
57371700112, 57371715108
57371750105, 57371765101
57371800098, 57371815094
57371850115, 57371865111
57371900108, 57371915104
57371950117, 57371965113
57372000051, 57372015047
57372050080, 57372065076
57372100085, 57372115081
57372150094, 57372165090
57372200087, 57372215083
57372250080, 57372265076
57372300097, 57372315093
57372350090, 57372365086
57372400083, 57372415079
57372450104, 57372465100
57372500098, 57372515094
57372550107, 57372565103
57372600100, 57372615096
57372650093, 57372665089
57372700090, 57372715086
57372750107, 57372765103
57372800100, 57372815096
57372850113, 57372865109
57372900110, 57372915106
57372950103, 57372965099
57373000049, 57373015045
57373050074, 57373065070
57373100099, 57373115095
57373150084, 57373165080
57373200085, 57373215081
57373250078, 57373265074
57373300099, 57373315095
57373350092, 57373365088
57373400101, 57373415097
57373450098, 57373465094
57373500091, 57373515087
57373550084, 57373565080
57373600105, 57373615101
57373650094, 57373665090
57373700107, 57373715103
57373750104, 57373765100
57373800097, 57373815093
57373850090, 57373865086
57373900107, 57373915103
57373950104, 57373965100
57374000046, 57374015042
57374050071, 57374065067
57374100080, 57374115076
57374150089, 57374165085
57374200086, 57374215082
57374250075, 57374265071
57374300092, 57374315088
57374350089, 57374365085
57374400082, 57374415078
57374450099, 57374465095
57374500097, 57374515093
57374550082, 57374565078
57374600099, 57374615095
57374650092, 57374665088
57374700089, 57374715085
57374750106, 57374765102
57374800099, 57374815095
57374850088, 57374865084
57374900109, 57374915105
57374950102, 57374965098
57375000040, 57375015036
57375050069, 57375065065
57375100074, 57375115070
57375150083, 57375165079
57375200076, 57375215072
57375250073, 57375265069
57375300070, 57375315066
57375350087, 57375365083
57375400080, 57375415076
57375450093, 57375465089
57375500086, 57375515082
57375550083, 57375565079
57375600076, 57375615072
57375650093, 57375665089
57375700082, 57375715078
57375750079, 57375765075
57375800096, 57375815092
57375850089, 57375865085
57375900086, 57375915082
57375950103, 57375965099
57376000037, 57376015033
57376050062, 57376065058
57376100067, 57376115063
57376150084, 57376165080
57376200069, 57376215065
57376250070, 57376265066
57376300083, 57376315079
57376350076, 57376365072
57376400069, 57376415065
57376450086, 57376465082
57376500080, 57376515076
57376550097, 57376565093
57376600082, 57376615078
57376650075, 57376665071
57376700092, 57376715088
57376750085, 57376765081
57376800078, 57376815074
57376850095, 57376865091
57376900084, 57376915080
57376950101, 57376965097
57377000035, 57377015031
57377050064, 57377065060
57377100069, 57377115065
57377150074, 57377165070
57377200083, 57377215079
57377250068, 57377265064
57377300085, 57377315081
57377350078, 57377365074
57377400071, 57377415067
57377450084, 57377465080
57377500078, 57377515074
57377550071, 57377565067
57377600088, 57377615084
57377650081, 57377665077
57377700078, 57377715074
57377750091, 57377765087
57377800084, 57377815080
57377850077, 57377865073
57377900094, 57377915090
57377950087, 57377965083
57378000029, 57378015025
57378050058, 57378065054
57378100063, 57378115059
57378150076, 57378165072
57378200069, 57378215065
57378250066, 57378265062
57378300075, 57378315071
57378350072, 57378365068
57378400065, 57378415061
57378450082, 57378465078
57378500075, 57378515071
57378550072, 57378565068
57378600081, 57378615077
57378650078, 57378665074
57378700071, 57378715067
57378750088, 57378765084
57378800085, 57378815081
57378850078, 57378865074
57378900087, 57378915083
57378950080, 57378965076
57379000026, 57379015022
57379050051, 57379065047
57379100056, 57379115052
57379150069, 57379165065
57379200054, 57379215050
57379250055, 57379265051
57379300072, 57379315068
57379350065, 57379365061
57379400058, 57379415054
57379450071, 57379465067
57379500065, 57379515061
57379550082, 57379565078
57379600079, 57379615075
57379650072, 57379665068
57379700065, 57379715061
57379750078, 57379765074
57379800071, 57379815067
57379850088, 57379865084
57379900081, 57379915077
57379950074, 57379965070
57380000024, 57380015020
57380050049, 57380065045
57380100054, 57380115050
57380150067, 57380165063
57380200060, 57380215056
57380250057, 57380265053
57380300054, 57380315050
57380350063, 57380365059
57380400060, 57380415056
57380450077, 57380465073
57380500070, 57380515066
57380550063, 57380565059
57380600080, 57380615076
57380650069, 57380665065
57380700062, 57380715058
57380750079, 57380765075
57380800072, 57380815068
57380850069, 57380865065
57380900078, 57380915074
57380950075, 57380965071
57381000017, 57381015013
57381050042, 57381065038
57381100047, 57381115043
57381150060, 57381165056
57381200045, 57381215041
57381250050, 57381265046
57381300047, 57381315043
57381350064, 57381365060
57381400053, 57381415049
57381450070, 57381465066
57381500056, 57381515052
57381550073, 57381565069
57381600066, 57381615062
57381650059, 57381665055
57381700076, 57381715072
57381750069, 57381765065
57381800078, 57381815074
57381850071, 57381865067
57381900064, 57381915060
57381950081, 57381965077
57382000015, 57382015011
57382050060, 57382065056
57382100065, 57382115061
57382150050, 57382165046
57382200055, 57382215051
57382250060, 57382265056
57382300053, 57382315049
57382350062, 57382365058
57382400055, 57382415051
57382450052, 57382465048
57382500069, 57382515065
57382550062, 57382565058
57382600055, 57382615051
57382650064, 57382665060
57382700057, 57382715053
57382750074, 57382765070
57382800067, 57382815063
57382850060, 57382865056
57382900077, 57382915073
57382950062, 57382965058
57383000012, 57383015008
