# exposure_start_timestamp_us, exposure_end_timestamp_us
58051100133, 58051115129
58051150154, 58051165150
58051200132, 58051215128
58051250133, 58051265129
58051300154, 58051315150
58051350155, 58051365151
58051400157, 58051415153
58051450158, 58051465154
58051500159, 58051515155
58051550140, 58051565136
58051600158, 58051615154
58051650159, 58051665155
58051700160, 58051715156
58051750161, 58051765157
58051800163, 58051815159
58051850164, 58051865160
58051900157, 58051915153
58051950158, 58051965154
58052000104, 58052015100
58052050137, 58052065133
58052100130, 58052115126
58052150151, 58052165147
58052200149, 58052215145
58052250150, 58052265146
58052300151, 58052315147
58052350152, 58052365148
58052400154, 58052415150
58052450151, 58052465147
58052500148, 58052515144
58052550149, 58052565145
58052600151, 58052615147
58052650152, 58052665148
58052700157, 58052715153
58052750150, 58052765146
58052800152, 58052815148
58052850153, 58052865149
58052900158, 58052915154
58052950159, 58052965155
58053000101, 58053015097
58053050134, 58053065130
58053100151, 58053115147
58053150148, 58053165144
58053200142, 58053215138
58053250131, 58053265127
58053300132, 58053315128
58053350153, 58053365149
58053400155, 58053415151
58053450156, 58053465152
58053500157, 58053515153
58053550158, 58053565154
58053600156, 58053615152
58053650153, 58053665149
58053700154, 58053715150
58053750155, 58053765151
58053800157, 58053815153
58053850162, 58053865158
58053900163, 58053915159
58053950160, 58053965156
58054000102, 58054015098
58054050139, 58054065135
58054100128, 58054115124
58054150129, 58054165125
58054200135, 58054215131
58054250152, 58054265148
58054300153, 58054315149
58054350154, 58054365150
58054400152, 58054415148
58054450153, 58054465149
58054500150, 58054515146
58054550147, 58054565143
58054600149, 58054615145
58054650150, 58054665146
58054700151, 58054715147
58054750152, 58054765148
58054800146, 58054815142
58054850147, 58054865143
58054900148, 58054915144
58054950149, 58054965145
58055000103, 58055015099
58055050128, 58055065124
58055100145, 58055115141
58055150138, 58055165134
58055200152, 58055215148
58055250149, 58055265145
58055300150, 58055315146
58055350143, 58055365139
58055400145, 58055415141
58055450146, 58055465142
58055500147, 58055515143
58055550148, 58055565144
58055600150, 58055615146
58055650143, 58055665139
58055700144, 58055715140
58055750145, 58055765141
58055800147, 58055815143
58055850148, 58055865144
58055900149, 58055915145
58055950166, 58055965162
58056000104, 58056015100
58056050137, 58056065133
58056100130, 58056115126
58056150155, 58056165151
58056200161, 58056215157
58056250150, 58056265146
58056300151, 58056315147
58056350152, 58056365148
58056400154, 58056415150
58056450155, 58056465151
58056500152, 58056515148
58056550149, 58056565145
58056600155, 58056615151
58056650152, 58056665148
58056700153, 58056715149
58056750154, 58056765150
58056800148, 58056815144
58056850153, 58056865149
58056900154, 58056915150
58056950155, 58056965151
58057000101, 58057015097
58057050138, 58057065134
58057100147, 58057115143
58057150144, 58057165140
58057200145, 58057215141
58057250131, 58057265127
58057300132, 58057315128
58057350133, 58057365129
58057400154, 58057415150
58057450155, 58057465151
58057500157, 58057515153
58057550158, 58057565154
58057600159, 58057615155
58057650160, 58057665156
58057700157, 58057715153
58057750159, 58057765155
58057800160, 58057815156
58057850161, 58057865157
58057900162, 58057915158
58057950159, 58057965155
58058000101, 58058015097
58058050138, 58058065134
58058100127, 58058115123
58058150152, 58058165148
58058200138, 58058215134
58058250131, 58058265127
58058300132, 58058315128
58058350153, 58058365149
58058400155, 58058415151
58058450156, 58058465152
58058500157, 58058515153
58058550154, 58058565150
58058600156, 58058615152
58058650157, 58058665153
58058700158, 58058715154
58058750159, 58058765155
58058800157, 58058815153
58058850154, 58058865150
58058900155, 58058915151
58058950156, 58058965152
58059000098, 58059015094
58059050139, 58059065135
58059100124, 58059115120
58059150145, 58059165141
58059200131, 58059215127
58059250132, 58059265128
58059300137, 58059315133
58059350138, 58059365134
58059400132, 58059415128
58059450133, 58059465129
58059500134, 58059515130
58059550135, 58059565131
58059600141, 58059615137
58059650142, 58059665138
58059700139, 58059715135
58059750140, 58059765136
58059800142, 58059815138
58059850143, 58059865139
58059900148, 58059915144
58059950145, 58059965141
58060000099, 58060015095
58060050132, 58060065128
58060100149, 58060115145
58060150142, 58060165138
58060200144, 58060215140
58060250153, 58060265149
58060300146, 58060315142
58060350147, 58060365143
58060400149, 58060415145
58060450150, 58060465146
58060500151, 58060515147
58060550144, 58060565140
58060600146, 58060615142
58060650147, 58060665143
58060700148, 58060715144
58060750145, 58060765141
58060800147, 58060815143
58060850144, 58060865140
58060900145, 58060915141
58060950146, 58060965142
58061000100, 58061015096
58061050141, 58061065137
58061100134, 58061115130
58061150151, 58061165147
58061200149, 58061215145
58061250134, 58061265130
58061300135, 58061315131
58061350136, 58061365132
58061400162, 58061415158
58061450155, 58061465151
58061500136, 58061515132
58061550137, 58061565133
58061600139, 58061615135
58061650140, 58061665136
58061700169, 58061715165
58061750162, 58061765158
58061800164, 58061815160
58061850165, 58061865161
58061900166, 58061915162
58061950167, 58061965163
58062000101, 58062015097
58062050134, 58062065130
58062100127, 58062115123
58062150148, 58062165144
58062200150, 58062215146
58062250131, 58062265127
58062300152, 58062315148
58062350153, 58062365149
58062400155, 58062415151
58062450156, 58062465152
58062500137, 58062515133
58062550138, 58062565134
58062600156, 58062615152
58062650157, 58062665153
58062700158, 58062715154
58062750159, 58062765155
58062800165, 58062815161
58062850166, 58062865162
58062900159, 58062915155
58062950160, 58062965156
58063000098, 58063015094
58063050139, 58063065135
58063100132, 58063115128
58063150145, 58063165141
58063200147, 58063215143
58063250132, 58063265128
58063300133, 58063315129
58063350134, 58063365130
58063400136, 58063415132
58063450133, 58063465129
58063500134, 58063515130
58063550135, 58063565131
58063600137, 58063615133
58063650142, 58063665138
58063700143, 58063715139
58063750140, 58063765136
58063800142, 58063815138
58063850147, 58063865143
58063900148, 58063915144
58063950149, 58063965145
58064000099, 58064015095
58064050132, 58064065128
58064100129, 58064115125
58064150150, 58064165146
58064200147, 58064215143
58064250133, 58064265129
58064300130, 58064315126
58064350135, 58064365131
58064400136, 58064415132
58064450137, 58064465133
58064500139, 58064515135
58064550144, 58064565140
58064600137, 58064615133
58064650142, 58064665138
58064700143, 58064715139
58064750145, 58064765141
58064800146, 58064815142
58064850147, 58064865143
58064900144, 58064915140
58064950149, 58064965145
58065000099, 58065015095
58065050136, 58065065132
58065100129, 58065115125
58065150150, 58065165146
58065200128, 58065215124
58065250129, 58065265125
58065300134, 58065315130
58065350135, 58065365131
58065400137, 58065415133
58065450134, 58065465130
58065500135, 58065515131
58065550136, 58065565132
58065600142, 58065615138
58065650143, 58065665139
58065700148, 58065715144
58065750141, 58065765137
58065800143, 58065815139
58065850144, 58065865140
58065900145, 58065915141
58065950146, 58065965142
58066000096, 58066015092
58066050129, 58066065125
58066100146, 58066115142
58066150143, 58066165139
58066200125, 58066215121
58066250130, 58066265126
58066300131, 58066315127
58066350148, 58066365144
58066400130, 58066415126
58066450131, 58066465127
58066500132, 58066515128
58066550133, 58066565129
58066600159, 58066615155
58066650152, 58066665148
58066700153, 58066715149
58066750154, 58066765150
58066800156, 58066815152
58066850157, 58066865153
58066900154, 58066915150
58066950155, 58066965151
58067000097, 58067015093
58067050134, 58067065130
58067100123, 58067115119
58067150144, 58067165140
58067200130, 58067215126
58067250143, 58067265139
58067300144, 58067315140
58067350145, 58067365141
58067400147, 58067415143
58067450148, 58067465144
58067500145, 58067515141
58067550146, 58067565142
58067600148, 58067615144
58067650149, 58067665145
58067700150, 58067715146
58067750151, 58067765147
58067800149, 58067815145
58067850150, 58067865146
58067900151, 58067915147
58067950152, 58067965148
58068000098, 58068015094
58068050127, 58068065123
58068100144, 58068115140
58068150141, 58068165137
58068200135, 58068215131
58068250148, 58068265144
58068300149, 58068315145
58068350146, 58068365142
58068400148, 58068415144
58068450149, 58068465145
58068500150, 58068515146
58068550151, 58068565147
58068600153, 58068615149
58068650146, 58068665142
58068700147, 58068715143
58068750152, 58068765148
58068800154, 58068815150
58068850155, 58068865151
58068900160, 58068915156
58068950153, 58068965149
58069000099, 58069015095
58069050132, 58069065128
58069100125, 58069115121
58069150146, 58069165142
58069200136, 58069215132
58069250149, 58069265145
58069300150, 58069315146
58069350151, 58069365147
58069400153, 58069415149
58069450154, 58069465150
58069500151, 58069515147
58069550152, 58069565148
58069600154, 58069615150
58069650159, 58069665155
58069700160, 58069715156
58069750161, 58069765157
58069800159, 58069815155
58069850160, 58069865156
58069900161, 58069915157
58069950162, 58069965158
58070000096, 58070015092
58070050137, 58070065133
58070100122, 58070115118
58070150147, 58070165143
58070200133, 58070215129
58070250130, 58070265126
58070300131, 58070315127
58070350132, 58070365128
58070400130, 58070415126
58070450135, 58070465131
58070500136, 58070515132
58070550137, 58070565133
58070600139, 58070615135
58070650136, 58070665132
58070700137, 58070715133
58070750138, 58070765134
58070800144, 58070815140
58070850145, 58070865141
58070900146, 58070915142
58070950143, 58070965139
58071000097, 58071015093
58071050130, 58071065126
58071100123, 58071115119
58071150144, 58071165140
58071200138, 58071215134
58071250147, 58071265143
58071300148, 58071315144
58071350129, 58071365125
58071400131, 58071415127
58071450132, 58071465128
58071500133, 58071515129
58071550154, 58071565150
58071600156, 58071615152
58071650157, 58071665153
58071700138, 58071715134
58071750139, 58071765135
58071800169, 58071815165
58071850142, 58071865138
58071900143, 58071915139
58071950144, 58071965140
58072000098, 58072015094
58072050135, 58072065131
58072100144, 58072115140
58072150141, 58072165137
58072200130, 58072215126
58072250144, 58072265140
58072300149, 58072315145
58072350150, 58072365146
58072400143, 58072415139
58072450144, 58072465140
58072500150, 58072515146
58072550151, 58072565147
58072600152, 58072615148
58072650157, 58072665153
58072700150, 58072715146
58072750152, 58072765148
58072800157, 58072815153
58072850158, 58072865154
58072900159, 58072915155
58072950160, 58072965156
58073000098, 58073015094
58073050131, 58073065127
58073100148, 58073115144
58073150145, 58073165141
58073200147, 58073215143
58073250140, 58073265136
58073300145, 58073315141
58073350146, 58073365142
58073400152, 58073415148
58073450153, 58073465149
58073500154, 58073515150
58073550151, 58073565147
58073600153, 58073615149
58073650154, 58073665150
58073700159, 58073715155
58073750160, 58073765156
58073800162, 58073815158
58073850159, 58073865155
58073900160, 58073915156
58073950161, 58073965157
58074000095, 58074015091
58074050136, 58074065132
58074100125, 58074115121
58074150142, 58074165138
58074200128, 58074215124
58074250125, 58074265121
58074300130, 58074315126
58074350131, 58074365127
58074400157, 58074415153
58074450150, 58074465146
58074500131, 58074515127
58074550132, 58074565128
58074600138, 58074615134
58074650139, 58074665135
58074700156, 58074715152
58074750157, 58074765153
58074800159, 58074815155
58074850160, 58074865156
58074900161, 58074915157
58074950162, 58074965158
58075000096, 58075015092
58075050137, 58075065133
58075100126, 58075115122
58075150127, 58075165123
58075200133, 58075215129
58075250130, 58075265126
58075300127, 58075315123
58075350128, 58075365124
58075400130, 58075415126
58075450135, 58075465131
58075500136, 58075515132
58075550137, 58075565133
58075600135, 58075615131
58075650140, 58075665136
58075700141, 58075715137
58075750142, 58075765138
58075800144, 58075815140
58075850169, 58075865165
58075900162, 58075915158
58075950163, 58075965159
58076000097, 58076015093
58076050134, 58076065130
58076100123, 58076115119
58076150140, 58076165136
58076200134, 58076215130
58076250139, 58076265135
58076300144, 58076315140
58076350145, 58076365141
58076400147, 58076415143
58076450140, 58076465136
58076500145, 58076515141
58076550146, 58076565142
58076600148, 58076615144
58076650149, 58076665145
58076700154, 58076715150
58076750147, 58076765143
58076800149, 58076815145
58076850150, 58076865146
58076900155, 58076915151
58076950156, 58076965152
58077000094, 58077015090
58077050139, 58077065135
58077100128, 58077115124
58077150125, 58077165121
58077200123, 58077215119
58077250124, 58077265120
58077300145, 58077315141
58077350146, 58077365142
58077400148, 58077415144
58077450129, 58077465125
58077500130, 58077515126
58077550135, 58077565131
58077600153, 58077615149
58077650134, 58077665130
58077700135, 58077715131
58077750140, 58077765136
58077800142, 58077815138
58077850143, 58077865139
58077900140, 58077915136
58077950141, 58077965137
58078000095, 58078015091
58078050136, 58078065132
58078100129, 58078115125
58078150150, 58078165146
58078200136, 58078215132
58078250145, 58078265141
58078300126, 58078315122
58078350127, 58078365123
58078400133, 58078415129
58078450130, 58078465126
58078500131, 58078515127
58078550136, 58078565132
58078600138, 58078615134
58078650139, 58078665135
58078700144, 58078715140
58078750141, 58078765137
58078800143, 58078815139
58078850144, 58078865140
58078900145, 58078915141
58078950150, 58078965146
58079000096, 58079015092
58079050121, 58079065117
58079100138, 58079115134
58079150139, 58079165135
58079200133, 58079215129
58079250142, 58079265138
58079300143, 58079315139
58079350140, 58079365136
58079400142, 58079415138
58079450147, 58079465143
58079500148, 58079515144
58079550153, 58079565149
58079600155, 58079615151
58079650152, 58079665148
58079700153, 58079715149
58079750154, 58079765150
58079800156, 58079815152
58079850157, 58079865153
58079900154, 58079915150
58079950159, 58079965155
58080000097, 58080015093
58080050130, 58080065126
58080100147, 58080115143
58080150144, 58080165140
58080200137, 58080215133
58080250139, 58080265135
58080300140, 58080315136
58080350145, 58080365141
58080400146, 58080415142
58080450147, 58080465143
58080500145, 58080515141
58080550150, 58080565146
58080600151, 58080615147
58080650152, 58080665148
58080700157, 58080715153
58080750139, 58080765135
58080800160, 58080815156
58080850161, 58080865157
58080900162, 58080915158
58080950143, 58080965139
58081000093, 58081015089
58081050122, 58081065118
58081100139, 58081115135
58081150140, 58081165136
58081200142, 58081215138
58081250143, 58081265139
58081300144, 58081315140
58081350141, 58081365137
58081400143, 58081415139
58081450144, 58081465140
58081500149, 58081515145
58081550130, 58081565126
58081600132, 58081615128
58081650153, 58081665149
58081700134, 58081715130
58081750135, 58081765131
58081800141, 58081815137
58081850142, 58081865138
58081900143, 58081915139
58081950140, 58081965136
58082000094, 58082015090
58082050127, 58082065123
58082100144, 58082115140
58082150141, 58082165137
58082200123, 58082215119
58082250140, 58082265136
58082300141, 58082315137
58082350146, 58082365142
58082400148, 58082415144
58082450129, 58082465125
58082500150, 58082515146
58082550151, 58082565147
58082600133, 58082615129
58082650134, 58082665130
58082700139, 58082715135
58082750140, 58082765136
58082800138, 58082815134
58082850143, 58082865139
58082900144, 58082915140
58082950145, 58082965141
58083000095, 58083015091
58083050136, 58083065132
58083100145, 58083115141
58083150142, 58083165138
58083200124, 58083215120
58083250125, 58083265121
58083300126, 58083315122
58083350151, 58083365147
58083400145, 58083415141
58083450150, 58083465146
58083500151, 58083515147
58083550132, 58083565128
58083600134, 58083615130
58083650159, 58083665155
58083700156, 58083715152
58083750157, 58083765153
58083800139, 58083815135
58083850140, 58083865136
58083900141, 58083915137
58083950162, 58083965158
58084000096, 58084015092
58084050129, 58084065125
58084100122, 58084115118
58084150143, 58084165139
58084200125, 58084215121
58084250142, 58084265138
58084300143, 58084315139
58084350148, 58084365144
58084400150, 58084415146
58084450151, 58084465147
58084500132, 58084515128
58084550153, 58084565149
58084600155, 58084615151
58084650136, 58084665132
58084700141, 58084715137
58084750146, 58084765142
58084800152, 58084815148
58084850149, 58084865145
58084900150, 58084915146
58084950151, 58084965147
58085000093, 58085015089
58085050130, 58085065126
58085100143, 58085115139
58085150140, 58085165136
58085200122, 58085215118
58085250143, 58085265139
58085300144, 58085315140
58085350125, 58085365121
58085400147, 58085415143
58085450148, 58085465144
58085500149, 58085515145
58085550130, 58085565126
58085600132, 58085615128
58085650137, 58085665133
58085700134, 58085715130
58085750135, 58085765131
58085800137, 58085815133
58085850142, 58085865138
58085900143, 58085915139
58085950148, 58085965144
58086000094, 58086015090
58086050127, 58086065123
58086100120, 58086115116
58086150141, 58086165137
58086200135, 58086215131
58086250136, 58086265132
58086300137, 58086315133
58086350138, 58086365134
58086400140, 58086415136
58086450141, 58086465137
58086500142, 58086515138
58086550135, 58086565131
58086600137, 58086615133
58086650138, 58086665134
58086700139, 58086715135
58086750144, 58086765140
58086800142, 58086815138
58086850139, 58086865135
58086900144, 58086915140
58086950145, 58086965141
58087000095, 58087015091
58087050132, 58087065128
58087100121, 58087115117
58087150138, 58087165134
58087200132, 58087215128
58087250145, 58087265141
58087300146, 58087315142
58087350147, 58087365143
58087400149, 58087415145
58087450146, 58087465142
58087500147, 58087515143
58087550148, 58087565144
58087600150, 58087615146
58087650151, 58087665147
58087700148, 58087715144
58087750149, 58087765145
58087800151, 58087815147
58087850152, 58087865148
58087900153, 58087915149
58087950158, 58087965154
58088000092, 58088015088
58088050129, 58088065125
58088100122, 58088115118
58088150119, 58088165115
58088200132, 58088215128
58088250122, 58088265118
58088300139, 58088315135
58088350144, 58088365140
58088400145, 58088415141
58088450146, 58088465142
58088500148, 58088515144
58088550149, 58088565145
58088600146, 58088615142
58088650147, 58088665143
58088700148, 58088715144
58088750154, 58088765150
58088800155, 58088815151
58088850156, 58088865152
58088900153, 58088915149
58088950158, 58088965154
58089000092, 58089015088
58089050129, 58089065125
58089100122, 58089115118
58089150139, 58089165135
58089200133, 58089215129
58089250122, 58089265118
58089300123, 58089315119
58089350128, 58089365124
58089400130, 58089415126
58089450127, 58089465123
58089500128, 58089515124
58089550133, 58089565129
58089600135, 58089615131
58089650136, 58089665132
58089700141, 58089715137
58089750138, 58089765134
58089800136, 58089815132
58089850141, 58089865137
58089900142, 58089915138
58089950147, 58089965143
58090000093, 58090015089
58090050130, 58090065126
58090100119, 58090115115
58090150144, 58090165140
58090200134, 58090215130
58090250139, 58090265135
58090300136, 58090315132
58090350137, 58090365133
58090400139, 58090415135
58090450144, 58090465140
58090500145, 58090515141
58090550146, 58090565142
58090600144, 58090615140
58090650145, 58090665141
58090700146, 58090715142
58090750151, 58090765147
58090800153, 58090815149
58090850154, 58090865150
58090900151, 58090915147
58090950152, 58090965148
58091000090, 58091015086
58091050131, 58091065127
58091100120, 58091115116
58091150145, 58091165141
58091200127, 58091215123
58091250140, 58091265136
58091300141, 58091315137
58091350122, 58091365118
58091400124, 58091415120
58091450145, 58091465141
58091500146, 58091515142
58091550147, 58091565143
58091600149, 58091615145
58091650150, 58091665146
58091700151, 58091715147
58091750144, 58091765140
58091800150, 58091815146
58091850151, 58091865147
58091900152, 58091915148
58091950157, 58091965153
58092000091, 58092015087
58092050124, 58092065120
58092100137, 58092115133
58092150134, 58092165130
58092200120, 58092215116
58092250141, 58092265137
58092300142, 58092315138
58092350139, 58092365135
58092400141, 58092415137
58092450142, 58092465138
58092500147, 58092515143
58092550128, 58092565124
58092600154, 58092615150
58092650151, 58092665147
58092700152, 58092715148
58092750133, 58092765129
58092800135, 58092815131
58092850140, 58092865136
58092900157, 58092915153
58092950138, 58092965134
58093000092, 58093015088
58093050129, 58093065125
58093100122, 58093115118
58093150119, 58093165115
58093200121, 58093215117
58093250138, 58093265134
58093300139, 58093315135
58093350144, 58093365140
58093400146, 58093415142
58093450127, 58093465123
58093500148, 58093515144
58093550129, 58093565125
58093600131, 58093615127
58093650136, 58093665132
58093700141, 58093715137
58093750142, 58093765138
58093800140, 58093815136
58093850145, 58093865141
58093900146, 58093915142
58093950151, 58093965147
58094000093, 58094015089
58094050126, 58094065122
58094100119, 58094115115
58094150144, 58094165140
58094200126, 58094215122
58094250123, 58094265119
58094300124, 58094315120
58094350145, 58094365141
58094400127, 58094415123
58094450132, 58094465128
58094500133, 58094515129
58094550138, 58094565134
58094600140, 58094615136
58094650137, 58094665133
58094700142, 58094715138
58094750143, 58094765139
58094800145, 58094815141
58094850150, 58094865146
58094900151, 58094915147
58094950148, 58094965144
58095000090, 58095015086
58095050135, 58095065131
58095100128, 58095115124
58095150141, 58095165137
58095200138, 58095215134
58095250132, 58095265128
58095300133, 58095315129
58095350138, 58095365134
58095400139, 58095415135
58095450144, 58095465140
58095500138, 58095515134
58095550143, 58095565139
58095600144, 58095615140
58095650149, 58095665145
58095700130, 58095715126
58095750132, 58095765128
58095800153, 58095815149
58095850134, 58095865130
58095900135, 58095915131
58095950140, 58095965136
58096000090, 58096015086
58096050135, 58096065131
58096100120, 58096115116
58096150117, 58096165113
58096200139, 58096215135
58096250124, 58096265120
58096300125, 58096315121
58096350130, 58096365126
58096400128, 58096415124
58096450129, 58096465125
58096500134, 58096515130
58096550135, 58096565131
58096600141, 58096615137
58096650138, 58096665134
58096700139, 58096715135
58096750140, 58096765136
58096800142, 58096815138
58096850147, 58096865143
58096900148, 58096915144
58096950145, 58096965141
58097000091, 58097015087
58097050128, 58097065124
58097100121, 58097115117
58097150118, 58097165114
58097200124, 58097215120
58097250141, 58097265137
58097300122, 58097315118
58097350127, 58097365123
58097400129, 58097415125
58097450134, 58097465130
58097500135, 58097515131
58097550132, 58097565128
58097600138, 58097615134
58097650139, 58097665135
58097700144, 58097715140
58097750145, 58097765141
58097800147, 58097815143
58097850144, 58097865140
58097900145, 58097915141
58097950146, 58097965142
58098000088, 58098015084
58098050125, 58098065121
58098100134, 58098115130
58098150131, 58098165127
58098200137, 58098215133
58098250138, 58098265134
58098300139, 58098315135
58098350140, 58098365136
58098400138, 58098415134
58098450139, 58098465135
58098500144, 58098515140
58098550145, 58098565141
58098600147, 58098615143
58098650128, 58098665124
58098700149, 58098715145
58098750150, 58098765146
58098800152, 58098815148
58098850133, 58098865129
58098900134, 58098915130
58098950139, 58098965135
58099000089, 58099015085
58099050130, 58099065126
58099100123, 58099115119
58099150120, 58099165116
58099200130, 58099215126
58099250119, 58099265115
58099300120, 58099315116
58099350121, 58099365117
58099400123, 58099415119
58099450124, 58099465120
58099500125, 58099515121
58099550146, 58099565142
58099600148, 58099615144
58099650149, 58099665145
58099700150, 58099715146
58099750151, 58099765147
58099800153, 58099815149
58099850146, 58099865142
58099900151, 58099915147
58099950152, 58099965148
58100000090, 58100015086
58100050123, 58100065119
58100100140, 58100115136
58100150133, 58100165129
58100200123, 58100215119
58100250136, 58100265132
58100300137, 58100315133
58100350138, 58100365134
58100400140, 58100415136
58100450133, 58100465129
58100500138, 58100515134
58100550139, 58100565135
58100600141, 58100615137
58100650142, 58100665138
58100700135, 58100715131
58100750140, 58100765136
58100800142, 58100815138
58100850143, 58100865139
58100900144, 58100915140
58100950145, 58100965141
58101000091, 58101015087
58101050128, 58101065124
58101100121, 58101115117
58101150118, 58101165114
58101200140, 58101215136
58101250125, 58101265121
58101300142, 58101315138
58101350123, 58101365119
58101400125, 58101415121
58101450126, 58101465122
58101500127, 58101515123
58101550132, 58101565128
58101600130, 58101615126
58101650131, 58101665127
58101700136, 58101715132
58101750137, 58101765133
58101800143, 58101815139
58101850136, 58101865132
58101900141, 58101915137
58101950142, 58101965138
58102000088, 58102015084
58102050129, 58102065125
58102100122, 58102115118
58102150115, 58102165111
58102200121, 58102215117
58102250118, 58102265114
58102300123, 58102315119
58102350124, 58102365120
58102400130, 58102415126
58102450123, 58102465119
58102500128, 58102515124
58102550129, 58102565125
58102600131, 58102615127
58102650132, 58102665128
58102700137, 58102715133
58102750134, 58102765130
58102800136, 58102815132
58102850137, 58102865133
58102900142, 58102915138
58102950143, 58102965139
58103000089, 58103015085
58103050126, 58103065122
58103100119, 58103115115
58103150116, 58103165112
58103200125, 58103215121
58103250123, 58103265119
58103300140, 58103315136
58103350141, 58103365137
58103400122, 58103415118
58103450123, 58103465119
58103500125, 58103515121
58103550126, 58103565122
58103600147, 58103615143
58103650148, 58103665144
58103700149, 58103715145
58103750131, 58103765127
58103800132, 58103815128
58103850137, 58103865133
58103900134, 58103915130
58103950139, 58103965135
58104000089, 58104015085
58104050126, 58104065122
58104100119, 58104115115
58104150128, 58104165124
58104200122, 58104215118
58104250119, 58104265115
58104300124, 58104315120
58104350125, 58104365121
58104400131, 58104415127
58104450124, 58104465120
58104500125, 58104515121
58104550130, 58104565126
58104600132, 58104615128
58104650133, 58104665129
58104700138, 58104715134
58104750135, 58104765131
58104800141, 58104815137
58104850142, 58104865138
58104900143, 58104915139
58104950148, 58104965144
58105000086, 58105015082
58105050119, 58105065115
58105100136, 58105115132
58105150133, 58105165129
58105200123, 58105215119
58105250116, 58105265112
58105300121, 58105315117
58105350118, 58105365114
58105400120, 58105415116
58105450121, 58105465117
58105500126, 58105515122
58105550127, 58105565123
58105600125, 58105615121
58105650130, 58105665126
58105700131, 58105715127
58105750132, 58105765128
58105800138, 58105815134
58105850139, 58105865135
58105900136, 58105915132
58105950137, 58105965133
58106000087, 58106015083
58106050128, 58106065124
58106100121, 58106115117
58106150118, 58106165114
58106200116, 58106215112
58106250117, 58106265113
58106300118, 58106315114
58106350123, 58106365119
58106400125, 58106415121
58106450130, 58106465126
58106500127, 58106515123
58106550128, 58106565124
58106600130, 58106615126
58106650135, 58106665131
58106700136, 58106715132
58106750141, 58106765137
58106800139, 58106815135
58106850140, 58106865136
58106900141, 58106915137
58106950146, 58106965142
58107000088, 58107015084
58107050121, 58107065117
58107100114, 58107115110
58107150115, 58107165111
58107200129, 58107215125
58107250122, 58107265118
58107300127, 58107315123
58107350124, 58107365120
58107400126, 58107415122
58107450127, 58107465123
58107500132, 58107515128
58107550133, 58107565129
58107600139, 58107615135
58107650132, 58107665128
58107700137, 58107715133
58107750138, 58107765134
58107800140, 58107815136
58107850145, 58107865141
58107900146, 58107915142
58107950143, 58107965139
58108000089, 58108015085
58108050126, 58108065122
58108100119, 58108115115
58108150120, 58108165116
58108200126, 58108215122
58108250123, 58108265119
58108300124, 58108315120
58108350129, 58108365125
58108400131, 58108415127
58108450136, 58108465132
58108500133, 58108515129
58108550134, 58108565130
58108600136, 58108615132
58108650141, 58108665137
58108700142, 58108715138
58108750147, 58108765143
58108800145, 58108815141
58108850150, 58108865146
58108900155, 58108915151
58108950156, 58108965152
58109000086, 58109015082
58109050127, 58109065123
58109100112, 58109115108
58109150137, 58109165133
58109200119, 58109215115
58109250120, 58109265116
58109300121, 58109315117
58109350126, 58109365122
58109400124, 58109415120
58109450129, 58109465125
58109500130, 58109515126
58109550135, 58109565131
58109600137, 58109615133
58109650138, 58109665134
58109700139, 58109715135
58109750140, 58109765136
58109800146, 58109815142
58109850151, 58109865147
58109900152, 58109915148
58109950149, 58109965145
58110000087, 58110015083
58110050124, 58110065120
58110100117, 58110115113
58110150118, 58110165114
58110200136, 58110215132
58110250121, 58110265117
58110300126, 58110315122
58110350131, 58110365127
58110400133, 58110415129
58110450138, 58110465134
58110500143, 58110515139
58110550140, 58110565136
58110600142, 58110615138
58110650143, 58110665139
58110700148, 58110715144
58110750149, 58110765145
58110800151, 58110815147
58110850148, 58110865144
58110900153, 58110915149
58110950154, 58110965150
58111000088, 58111015084
58111050121, 58111065117
58111100130, 58111115126
58111150131, 58111165127
58111200128, 58111215124
58111250138, 58111265134
58111300119, 58111315115
58111350124, 58111365120
58111400121, 58111415117
58111450126, 58111465122
58111500128, 58111515124
58111550133, 58111565129
58111600134, 58111615130
58111650139, 58111665135
58111700136, 58111715132
58111750138, 58111765134
58111800139, 58111815135
58111850144, 58111865140
58111900145, 58111915141
58111950150, 58111965146
58112000084, 58112015080
58112050121, 58112065117
58112100114, 58112115110
58112150111, 58112165107
58112200125, 58112215121
58112250114, 58112265110
58112300119, 58112315115
58112350124, 58112365120
58112400126, 58112415122
58112450131, 58112465127
58112500132, 58112515128
58112550129, 58112565125
58112600131, 58112615127
58112650132, 58112665128
58112700133, 58112715129
58112750138, 58112765134
58112800140, 58112815136
58112850137, 58112865133
58112900142, 58112915138
58112950143, 58112965139
58113000085, 58113015081
58113050122, 58113065118
58113100139, 58113115135
58113150112, 58113165108
58113200134, 58113215130
58113250115, 58113265111
58113300116, 58113315112
58113350121, 58113365117
58113400119, 58113415115
58113450124, 58113465120
58113500129, 58113515125
58113550134, 58113565130
58113600136, 58113615132
58113650137, 58113665133
58113700134, 58113715130
58113750135, 58113765131
58113800137, 58113815133
58113850142, 58113865138
58113900143, 58113915139
58113950144, 58113965140
58114000086, 58114015082
58114050119, 58114065115
58114100136, 58114115132
58114150133, 58114165129
58114200123, 58114215119
58114250136, 58114265132
58114300133, 58114315129
58114350138, 58114365134
58114400140, 58114415136
58114450121, 58114465117
58114500122, 58114515118
58114550151, 58114565147
58114600125, 58114615121
58114650126, 58114665122
58114700131, 58114715127
58114750132, 58114765128
58114800138, 58114815134
58114850135, 58114865131
58114900140, 58114915136
58114950145, 58114965141
58115000087, 58115015083
58115050124, 58115065120
58115100117, 58115115113
58115150134, 58115165130
58115200116, 58115215112
58115250117, 58115265113
58115300118, 58115315114
58115350123, 58115365119
58115400125, 58115415121
58115450126, 58115465122
58115500127, 58115515123
58115550132, 58115565128
58115600138, 58115615134
58115650139, 58115665135
58115700140, 58115715136
58115750133, 58115765129
58115800135, 58115815131
58115850136, 58115865132
58115900137, 58115915133
58115950138, 58115965134
58116000084, 58116015080
58116050121, 58116065117
58116100110, 58116115106
58116150135, 58116165131
58116200125, 58116215121
58116250134, 58116265130
58116300131, 58116315127
58116350132, 58116365128
58116400134, 58116415130
58116450135, 58116465131
58116500136, 58116515132
58116550141, 58116565137
58116600135, 58116615131
58116650140, 58116665136
58116700141, 58116715137
58116750142, 58116765138
58116800148, 58116815144
58116850149, 58116865145
58116900146, 58116915142
58116950147, 58116965143
58117000085, 58117015081
58117050122, 58117065118
58117100115, 58117115111
58117150136, 58117165132
58117200122, 58117215118
58117250115, 58117265111
58117300116, 58117315112
58117350121, 58117365117
58117400123, 58117415119
58117450120, 58117465116
58117500121, 58117515117
58117550126, 58117565122
58117600128, 58117615124
58117650129, 58117665125
58117700130, 58117715126
58117750147, 58117765143
58117800129, 58117815125
58117850130, 58117865126
58117900131, 58117915127
58117950132, 58117965128
58118000086, 58118015082
58118050111, 58118065107
58118100128, 58118115124
58118150125, 58118165121
58118200135, 58118215131
58118250128, 58118265124
58118300125, 58118315121
58118350122, 58118365118
58118400124, 58118415120
58118450125, 58118465121
58118500126, 58118515122
58118550127, 58118565123
58118600125, 58118615121
58118650126, 58118665122
58118700131, 58118715127
58118750132, 58118765128
58118800134, 58118815130
58118850135, 58118865131
58118900132, 58118915128
58118950137, 58118965133
58119000083, 58119015079
58119050120, 58119065116
58119100113, 58119115109
58119150110, 58119165106
58119200111, 58119215107
58119250129, 58119265125
58119300130, 58119315126
58119350131, 58119365127
58119400132, 58119415128
58119450133, 58119465129
58119500131, 58119515127
58119550132, 58119565128
58119600133, 58119615129
58119650138, 58119665134
58119700139, 58119715135
58119750141, 58119765137
58119800134, 58119815130
58119850135, 58119865131
58119900136, 58119915132
58119950137, 58119965133
58120000083, 58120015079
58120050112, 58120065108
58120100129, 58120115125
58120150126, 58120165122
58120200120, 58120215116
58120250133, 58120265129
58120300134, 58120315130
58120350127, 58120365123
58120400129, 58120415125
58120450134, 58120465130
58120500135, 58120515131
58120550136, 58120565132
58120600138, 58120615134
58120650131, 58120665127
58120700136, 58120715132
58120750137, 58120765133
58120800139, 58120815135
58120850144, 58120865140
58120900145, 58120915141
58120950138, 58120965134
58121000084, 58121015080
58121050121, 58121065117
58121100110, 58121115106
58121150111, 58121165107
58121200117, 58121215113
58121250134, 58121265130
58121300135, 58121315131
58121350116, 58121365112
58121400118, 58121415114
58121450123, 58121465119
58121500140, 58121515136
58121550121, 58121565117
58121600123, 58121615119
58121650128, 58121665124
58121700129, 58121715125
58121750130, 58121765126
58121800148, 58121815144
58121850129, 58121865125
58121900130, 58121915126
58121950135, 58121965131
58122000081, 58122015077
58122050122, 58122065118
58122100107, 58122115103
58122150116, 58122165112
58122200114, 58122215110
58122250131, 58122265127
58122300132, 58122315128
58122350133, 58122365129
58122400127, 58122415123
58122450132, 58122465128
58122500133, 58122515129
58122550134, 58122565130
58122600136, 58122615132
58122650133, 58122665129
58122700134, 58122715130
58122750139, 58122765135
58122800141, 58122815137
58122850142, 58122865138
58122900143, 58122915139
58122950140, 58122965136
58123000082, 58123015078
58123050127, 58123065123
58123100116, 58123115112
58123150113, 58123165109
58123200127, 58123215123
58123250112, 58123265108
58123300117, 58123315113
58123350118, 58123365114
58123400120, 58123415116
58123450121, 58123465117
58123500126, 58123515122
58123550123, 58123565119
58123600125, 58123615121
58123650126, 58123665122
58123700131, 58123715127
58123750132, 58123765128
58123800130, 58123815126
58123850135, 58123865131
58123900136, 58123915132
58123950141, 58123965137
58124000083, 58124015079
58124050120, 58124065116
58124100129, 58124115125
58124150130, 58124165126
58124200112, 58124215108
58124250129, 58124265125
58124300134, 58124315130
58124350135, 58124365131
58124400133, 58124415129
58124450134, 58124465130
58124500139, 58124515135
58124550140, 58124565136
58124600122, 58124615118
58124650123, 58124665119
58124700144, 58124715140
58124750125, 58124765121
58124800131, 58124815127
58124850132, 58124865128
58124900133, 58124915129
58124950134, 58124965130
58125000084, 58125015080
58125050121, 58125065117
58125100114, 58125115110
58125150115, 58125165111
58125200125, 58125215121
58125250134, 58125265130
58125300115, 58125315111
58125350120, 58125365116
58125400126, 58125415122
58125450127, 58125465123
58125500132, 58125515128
58125550129, 58125565125
58125600131, 58125615127
58125650136, 58125665132
58125700137, 58125715133
58125750138, 58125765134
58125800144, 58125815140
58125850141, 58125865137
58125900142, 58125915138
58125950143, 58125965139
58126000081, 58126015077
58126050122, 58126065118
58126100115, 58126115111
58126150108, 58126165104
58126200114, 58126215110
58126250111, 58126265107
58126300112, 58126315108
58126350117, 58126365113
58126400115, 58126415111
58126450116, 58126465112
58126500121, 58126515117
58126550122, 58126565118
58126600124, 58126615120
58126650129, 58126665125
58126700126, 58126715122
58126750127, 58126765123
58126800133, 58126815129
58126850134, 58126865130
58126900139, 58126915135
58126950140, 58126965136
58127000082, 58127015078
58127050115, 58127065111
58127100112, 58127115108
58127150113, 58127165109
58127200114, 58127215110
58127250112, 58127265108
58127300133, 58127315129
58127350114, 58127365110
58127400119, 58127415115
58127450120, 58127465116
58127500126, 58127515122
58127550127, 58127565123
58127600124, 58127615120
58127650125, 58127665121
58127700130, 58127715126
58127750136, 58127765132
58127800137, 58127815133
58127850138, 58127865134
58127900143, 58127915139
58127950144, 58127965140
58128000082, 58128015078
58128050119, 58128065115
58128100112, 58128115108
58128150129, 58128165125
58128200111, 58128215107
58128250124, 58128265120
58128300129, 58128315125
58128350130, 58128365126
58128400136, 58128415132
58128450129, 58128465125
58128500134, 58128515130
58128550135, 58128565131
58128600141, 58128615137
58128650142, 58128665138
58128700147, 58128715143
58128750144, 58128765140
58128800146, 58128815142
58128850147, 58128865143
58128900128, 58128915124
58128950129, 58128965125
58129000079, 58129015075
58129050112, 58129065108
58129100105, 58129115101
58129150106, 58129165102
58129200128, 58129215124
58129250113, 58129265109
58129300110, 58129315106
58129350115, 58129365111
58129400117, 58129415113
58129450122, 58129465118
58129500127, 58129515123
58129550132, 58129565128
58129600130, 58129615126
58129650131, 58129665127
58129700136, 58129715132
58129750137, 58129765133
58129800139, 58129815135
58129850140, 58129865136
58129900137, 58129915133
58129950142, 58129965138
58130000080, 58130015076
58130050113, 58130065109
58130100106, 58130115102
58130150127, 58130165123
58130200129, 58130215125
58130250110, 58130265106
58130300111, 58130315107
58130350116, 58130365112
58130400122, 58130415118
58130450115, 58130465111
58130500120, 58130515116
58130550121, 58130565117
58130600127, 58130615123
58130650128, 58130665124
58130700133, 58130715129
58130750130, 58130765126
58130800132, 58130815128
58130850137, 58130865133
58130900138, 58130915134
58130950143, 58130965139
58131000081, 58131015077
58131050110, 58131065106
58131100127, 58131115123
58131150128, 58131165124
58131200118, 58131215114
58131250111, 58131265107
58131300136, 58131315132
58131350133, 58131365129
58131400115, 58131415111
58131450116, 58131465112
58131500121, 58131515117
58131550126, 58131565122
58131600124, 58131615120
58131650125, 58131665121
58131700130, 58131715126
58131750131, 58131765127
58131800137, 58131815133
58131850142, 58131865138
58131900139, 58131915135
58131950144, 58131965140
58132000082, 58132015078
58132050119, 58132065115
58132100112, 58132115108
58132150133, 58132165129
58132200131, 58132215127
58132250132, 58132265128
58132300113, 58132315109
58132350114, 58132365110
58132400116, 58132415112
58132450121, 58132465117
58132500118, 58132515114
58132550119, 58132565115
58132600125, 58132615121
58132650126, 58132665122
58132700131, 58132715127
58132750132, 58132765128
58132800130, 58132815126
58132850131, 58132865127
58132900136, 58132915132
58132950137, 58132965133
58133000079, 58133015075
58133050112, 58133065108
58133100105, 58133115101
58133150130, 58133165126
58133200116, 58133215112
58133250117, 58133265113
58133300118, 58133315114
58133350115, 58133365111
58133400117, 58133415113
58133450122, 58133465118
58133500123, 58133515119
58133550128, 58133565124
58133600134, 58133615130
58133650131, 58133665127
58133700132, 58133715128
58133750125, 58133765121
58133800143, 58133815139
58133850136, 58133865132
58133900129, 58133915125
58133950142, 58133965138
58134000080, 58134015076
58134050113, 58134065109
58134100118, 58134115114
58134150127, 58134165123
58134200128, 58134215124
58134250110, 58134265106
58134300127, 58134315123
58134350124, 58134365120
58134400117, 58134415113
58134450134, 58134465130
58134500124, 58134515120
58134550117, 58134565113
58134600134, 58134615130
58134650127, 58134665123
58134700120, 58134715116
58134750138, 58134765134
58134800127, 58134815123
58134850144, 58134865140
58134900137, 58134915133
58134950134, 58134965130
58135000080, 58135015076
58135050125, 58135065121
58135100126, 58135115122
58135150115, 58135165111
58135200121, 58135215117
58135250110, 58135265106
58135300127, 58135315123
58135350112, 58135365108
58135400130, 58135415126
58135450123, 58135465119
58135500116, 58135515112
58135550137, 58135565133
58135600127, 58135615123
58135650140, 58135665136
58135700137, 58135715133
58135750130, 58135765126
58135800124, 58135815120
58135850145, 58135865141
58135900138, 58135915134
58135950127, 58135965123
58136000077, 58136015073
58136050106, 58136065102
58136100111, 58136115107
58136150120, 58136165116
58136200118, 58136215114
58136250127, 58136265123
58136300120, 58136315116
58136350113, 58136365109
58136400127, 58136415123
58136450120, 58136465116
58136500137, 58136515133
58136550122, 58136565118
58136600116, 58136615112
58136650133, 58136665129
58136700126, 58136715122
58136750119, 58136765115
58136800133, 58136815129
58136850126, 58136865122
58136900143, 58136915139
58136950136, 58136965132
58137000078, 58137015074
58137050103, 58137065099
58137100124, 58137115120
58137150109, 58137165105
58137200123, 58137215119
58137250124, 58137265120
58137300117, 58137315113
58137350110, 58137365106
58137400120, 58137415116
58137450113, 58137465109
58137500130, 58137515126
58137550127, 58137565123
58137600121, 58137615117
58137650138, 58137665134
58137700123, 58137715119
58137750140, 58137765136
58137800130, 58137815126
58137850127, 58137865123
58137900144, 58137915140
58137950137, 58137965133
58138000079, 58138015075
58138050108, 58138065104
58138100109, 58138115105
58138150122, 58138165118
58138200112, 58138215108
58138250129, 58138265125
58138300122, 58138315118
58138350115, 58138365111
58138400113, 58138415109
58138450130, 58138465126
58138500123, 58138515119
58138550136, 58138565132
58138600126, 58138615122
58138650119, 58138665115
58138700132, 58138715128
58138750121, 58138765117
58138800139, 58138815135
58138850124, 58138865120
58138900137, 58138915133
58138950130, 58138965126
58139000076, 58139015072
58139050105, 58139065101
58139100110, 58139115106
58139150115, 58139165111
58139200125, 58139215121
58139250106, 58139265102
58139300123, 58139315119
58139350116, 58139365112
58139400126, 58139415122
58139450115, 58139465111
58139500132, 58139515128
58139550125, 58139565121
58139600119, 58139615115
58139650136, 58139665132
58139700121, 58139715117
58139750138, 58139765134
58139800128, 58139815124
58139850121, 58139865117
58139900138, 58139915134
58139950135, 58139965131
58140000077, 58140015073
58140050102, 58140065098
58140100107, 58140115103
58140150120, 58140165116
58140200122, 58140215118
58140250111, 58140265107
58140300116, 58140315112
58140350113, 58140365109
58140400127, 58140415123
58140450120, 58140465116
58140500113, 58140515109
58140550130, 58140565126
58140600116, 58140615112
58140650133, 58140665129
58140700126, 58140715122
58140750119, 58140765115
58140800137, 58140815133
58140850126, 58140865122
58140900143, 58140915139
58140950136, 58140965132
58141000078, 58141015074
58141050127, 58141065123
58141100108, 58141115104
58141150113, 58141165109
58141200119, 58141215115
58141250124, 58141265120
58141300117, 58141315113
58141350110, 58141365106
58141400124, 58141415120
58141450113, 58141465109
58141500130, 58141515126
58141550123, 58141565119
58141600117, 58141615113
58141650134, 58141665130
58141700127, 58141715123
