# exposure_start_timestamp_us, exposure_end_timestamp_us
41776100048, 41776100310
41776150045, 41776150307
41776200031, 41776200293
41776250044, 41776250306
41776300049, 41776300311
41776350043, 41776350305
41776400044, 41776400306
41776450045, 41776450307
41776500047, 41776500309
41776550048, 41776550310
41776600049, 41776600311
41776650046, 41776650308
41776700048, 41776700310
41776750049, 41776750311
41776800050, 41776800307
41776850052, 41776850309
41776900053, 41776900310
41776950050, 41776950307
41777000000, 41777000251
41777050041, 41777050292
41777100030, 41777100276
41777150031, 41777150272
41777200053, 41777200294
41777250050, 41777250291
41777300051, 41777300292
41777350032, 41777350278
41777400034, 41777400285
41777450035, 41777450286
41777500064, 41777500315
41777550037, 41777550288
41777600039, 41777600290
41777650040, 41777650297
41777700041, 41777700298
41777750046, 41777750303
41777800064, 41777800321
41777850065, 41777850322
41777900046, 41777900303
41777950051, 41777950308
41778000001, 41778000258
41778050038, 41778050295
41778100047, 41778100304
41778150044, 41778150301
41778200050, 41778200307
41778250051, 41778250308
41778300052, 41778300309
41778350054, 41778350311
41778400047, 41778400304
41778450052, 41778450309
41778500054, 41778500311
41778550055, 41778550312
41778600060, 41778600317
41778650061, 41778650318
41778700059, 41778700316
41778750064, 41778750321
41778800061, 41778800318
41778850067, 41778850324
41778900068, 41778900325
41778950061, 41778950318
41778999999, 41779000256
41779050036, 41779050293
41779100029, 41779100286
41779150026, 41779150283
41779200028, 41779200285
41779250029, 41779250286
41779300030, 41779300287
41779350031, 41779350282
41779400037, 41779400288
41779450038, 41779450284
41779500039, 41779500285
41779550036, 41779550282
41779600042, 41779600288
41779650043, 41779650289
41779700048, 41779700294
41779750049, 41779750295
41779800051, 41779800297
41779850048, 41779850294
41779900053, 41779900299
41779950054, 41779950300
41780000000, 41780000246
41780050037, 41780050283
41780100050, 41780100296
41780150047, 41780150293
41780200045, 41780200291
41780250050, 41780250296
41780300031, 41780300277
41780350033, 41780350279
41780400054, 41780400300
41780450055, 41780450301
41780500037, 41780500283
41780550038, 41780550284
41780600043, 41780600289
41780650044, 41780650290
41780700042, 41780700293
41780750047, 41780750298
41780800052, 41780800303
41780850054, 41780850305
41780900059, 41780900310
41780950060, 41780950311
41781000002, 41781000253
41781050039, 41781050290
41781100032, 41781100283
41781150029, 41781150280
41781200035, 41781200286
41781250040, 41781250291
41781300037, 41781300288
41781350038, 41781350295
41781400040, 41781400297
41781450041, 41781450298
41781500046, 41781500303
41781550039, 41781550296
41781600045, 41781600302
41781650046, 41781650303
41781700047, 41781700304
41781750052, 41781750309
41781800054, 41781800311
41781850051, 41781850308
41781900052, 41781900309
41781950057, 41781950314
41781999999, 41782000256
41782050036, 41782050293
41782100029, 41782100286
41782150046, 41782150303
41782200044, 41782200301
41782250049, 41782250306
41782300030, 41782300287
41782350032, 41782350289
41782400061, 41782400318
41782450034, 41782450291
41782500040, 41782500297
41782550041, 41782550298
41782600042, 41782600299
41782650043, 41782650300
41782700065, 41782700322
41782750062, 41782750319
41782800063, 41782800320
41782850065, 41782850322
41782900066, 41782900323
41782950067, 41782950324
41783000001, 41783000258
41783050038, 41783050295
41783100031, 41783100288
41783150052, 41783150309
41783200034, 41783200291
41783250031, 41783250288
41783300048, 41783300305
41783350049, 41783350306
41783400051, 41783400308
41783450052, 41783450309
41783500053, 41783500310
41783550054, 41783550311
41783600048, 41783600305
41783650049, 41783650306
41783700050, 41783700307
41783750051, 41783750308
41783800057, 41783800314
41783850058, 41783850315
41783900055, 41783900312
41783950056, 41783950313
41783999998, 41784000255
41784050035, 41784050292
41784100028, 41784100285
41784150045, 41784150302
41784200035, 41784200292
41784250048, 41784250305
41784300049, 41784300306
41784350051, 41784350308
41784400032, 41784400289
41784450049, 41784450306
41784500051, 41784500308
41784550052, 41784550309
41784600053, 41784600310
41784650054, 41784650311
41784700056, 41784700313
41784750053, 41784750310
41784800054, 41784800311
41784850060, 41784850317
41784900061, 41784900318
41784950062, 41784950319
41785000000, 41785000257
41785050037, 41785050294
41785100030, 41785100287
41785150027, 41785150284
41785200037, 41785200294
41785250030, 41785250287
41785300051, 41785300308
41785350052, 41785350309
41785400034, 41785400291
41785450035, 41785450292
41785500040, 41785500297
41785550041, 41785550298
41785600039, 41785600296
41785650040, 41785650297
41785700045, 41785700302
41785750046, 41785750303
41785800048, 41785800305
41785850049, 41785850306
41785900046, 41785900303
41785950051, 41785950308
41785999997, 41786000254
41786050038, 41786050295
41786100031, 41786100288
41786150028, 41786150285
41786200042, 41786200299
41786250047, 41786250304
41786300028, 41786300285
41786350030, 41786350287
41786400035, 41786400292
41786450032, 41786450289
41786500038, 41786500295
41786550039, 41786550296
41786600040, 41786600297
41786650041, 41786650298
41786700043, 41786700300
41786750040, 41786750297
41786800041, 41786800298
41786850043, 41786850300
41786900048, 41786900305
41786950049, 41786950306
41786999999, 41787000256
41787050032, 41787050289
41787100025, 41787100282
41787150026, 41787150283
41787200048, 41787200305
41787250049, 41787250306
41787300030, 41787300287
41787350052, 41787350309
41787400033, 41787400290
41787450034, 41787450291
41787500036, 41787500293
41787550041, 41787550298
41787600042, 41787600299
41787650039, 41787650296
41787700045, 41787700302
41787750046, 41787750303
41787800047, 41787800304
41787850049, 41787850306
41787900046, 41787900303
41787950047, 41787950304
41788000001, 41788000258
41788050038, 41788050295
41788100031, 41788100288
41788150028, 41788150285
41788200050, 41788200307
41788250047, 41788250304
41788300048, 41788300305
41788350049, 41788350306
41788400055, 41788400312
41788450056, 41788450313
41788500053, 41788500310
41788550054, 41788550311
41788600060, 41788600317
41788650061, 41788650318
41788700042, 41788700299
41788750043, 41788750300
41788800065, 41788800322
41788850066, 41788850323
41788900047, 41788900304
41788950052, 41788950309
41788999998, 41789000255
41789050027, 41789050284
41789100044, 41789100301
41789150041, 41789150298
41789200039, 41789200296
41789250040, 41789250297
41789300045, 41789300302
41789350039, 41789350296
41789400044, 41789400301
41789450045, 41789450302
41789500051, 41789500308
41789550052, 41789550309
41789600053, 41789600310
41789650050, 41789650307
41789700056, 41789700313
41789750057, 41789750314
41789800058, 41789800315
41789850060, 41789850317
41789900065, 41789900322
41789950062, 41789950319
41790000000, 41790000257
41790050033, 41790050290
41790100026, 41790100283
41790150051, 41790150308
41790200041, 41790200298
41790250046, 41790250303
41790300047, 41790300304
41790350052, 41790350309
41790400054, 41790400311
41790450035, 41790450292
41790500056, 41790500313
41790550057, 41790550314
41790600039, 41790600296
41790650040, 41790650297
41790700045, 41790700302
41790750046, 41790750303
41790800044, 41790800301
41790850049, 41790850306
41790900050, 41790900307
41790950051, 41790950308
41790999997, 41791000254
41791050034, 41791050291
41791100047, 41791100304
41791150044, 41791150301
41791200042, 41791200293
41791250027, 41791250278
41791300032, 41791300278
41791350034, 41791350280
41791400035, 41791400281
41791450036, 41791450282
41791500042, 41791500288
41791550047, 41791550293
41791600048, 41791600294
41791650041, 41791650287
41791700047, 41791700293
41791750048, 41791750294
41791800049, 41791800295
41791850051, 41791850297
41791900056, 41791900302
41791950049, 41791950295
41791999999, 41792000245
41792050032, 41792050273
41792100025, 41792100266
41792150026, 41792150267
41792200040, 41792200281
41792250049, 41792250290
41792300050, 41792300291
41792350031, 41792350272
41792400037, 41792400278
41792450038, 41792450279
41792500043, 41792500284
41792550036, 41792550277
41792600042, 41792600283
41792650043, 41792650284
41792700048, 41792700289
41792750049, 41792750290
41792800055, 41792800296
41792850052, 41792850293
41792900053, 41792900294
41792950058, 41792950299
41793000000, 41793000241
41793050041, 41793050282
41793100026, 41793100267
41793150051, 41793150292
41793200029, 41793200270
41793250034, 41793250275
41793300035, 41793300276
41793350037, 41793350278
41793400034, 41793400275
41793450039, 41793450280
41793500045, 41793500291
41793550046, 41793550292
41793600051, 41793600297
41793650052, 41793650298
41793700050, 41793700296
41793750055, 41793750301
41793800056, 41793800302
41793850058, 41793850304
41793900059, 41793900305
41793950064, 41793950310
41793999998, 41794000244
41794050043, 41794050289
41794100036, 41794100282
41794150033, 41794150279
41794200039, 41794200285
41794250032, 41794250278
41794300033, 41794300279
41794350034, 41794350280
41794400036, 41794400282
41794450041, 41794450287
41794500042, 41794500288
41794550039, 41794550285
41794600041, 41794600287
41794650046, 41794650292
41794700047, 41794700298
41794750048, 41794750299
41794800050, 41794800301
41794850047, 41794850298
41794900052, 41794900309
41794950053, 41794950310
41794999999, 41795000261
41795050036, 41795050298
41795100025, 41795100292
41795150046, 41795150313
41795200048, 41795200321
41795250029, 41795250302
41795300030, 41795300308
41795350036, 41795350314
41795400061, 41795400344
41795450034, 41795450323
41795500040, 41795500329
41795550045, 41795550339
41795600046, 41795600340
41795650051, 41795650350
41795700045, 41795700344
41795750046, 41795750345
41795800047, 41795800346
41795850049, 41795850348
41795900050, 41795900349
41795950051, 41795950350
41796000001, 41796000300
41796050034, 41796050333
41796100047, 41796100346
41796150044, 41796150343
41796200050, 41796200349
41796250051, 41796250350
41796300044, 41796300343
41796350045, 41796350344
41796400047, 41796400346
41796450048, 41796450347
41796500049, 41796500348
41796550050, 41796550349
41796600048, 41796600342
41796650049, 41796650338
41796700054, 41796700337
41796750055, 41796750333
41796800057, 41796800335
41796850058, 41796850331
41796900055, 41796900328
41796950056, 41796950329
41796999998, 41797000271
41797050035, 41797050308
41797100028, 41797100301
41797150045, 41797150318
41797200035, 41797200308
41797250048, 41797250321
41797300029, 41797300302
41797350051, 41797350324
41797400032, 41797400305
41797450049, 41797450322
41797500055, 41797500328
41797550056, 41797550329
41797600065, 41797600338
41797650038, 41797650311
41797700040, 41797700313
41797750065, 41797750338
41797800066, 41797800339
41797850072, 41797850345
41797900045, 41797900318
41797950046, 41797950319
41798000000, 41798000273
41798050037, 41798050310
41798100026, 41798100299
41798150051, 41798150324
41798200045, 41798200318
41798250030, 41798250297
41798300051, 41798300313
41798350053, 41798350315
41798400054, 41798400311
41798450055, 41798450312
41798500065, 41798500322
41798550062, 41798550319
41798600055, 41798600312
41798650064, 41798650321
41798700066, 41798700323
41798750043, 41798750300
41798800044, 41798800301
41798850046, 41798850308
41798900071, 41798900333
41798950076, 41798950338
41798999998, 41799000260
41799050035, 41799050297
41799100028, 41799100295
41799150049, 41799150322
41799200035, 41799200313
41799250048, 41799250331
41799300029, 41799300318
41799350030, 41799350324
41799400032, 41799400331
41799450065, 41799450364
41799500034, 41799500333
41799550035, 41799550334
41799600041, 41799600340
41799650042, 41799650341
41799700043, 41799700342
41799750040, 41799750345
41799800042, 41799800347
41799850047, 41799850352
41799900048, 41799900353
41799950049, 41799950354
41799999999, 41800000304
41800050032, 41800050337
41800100025, 41800100330
41800150050, 41800150355
41800200040, 41800200345
41800250029, 41800250334
41800300034, 41800300339
41800350032, 41800350337
41800400037, 41800400342
41800450038, 41800450348
41800500044, 41800500354
41800550045, 41800550355
41800600046, 41800600356
41800650043, 41800650353
41800700045, 41800700355
41800750054, 41800750364
41800800059, 41800800369
41800850061, 41800850376
41800900058, 41800900373
41800950063, 41800950378
41801000001, 41801000316
41801050038, 41801050353
41801100031, 41801100346
41801150028, 41801150343
41801200038, 41801200353
41801250059, 41801250374
41801300032, 41801300347
41801350037, 41801350352
41801400039, 41801400354
41801450044, 41801450359
41801500041, 41801500356
41801550046, 41801550356
41801600052, 41801600362
41801650057, 41801650362
41801700062, 41801700367
41801750063, 41801750368
41801800065, 41801800370
41801850066, 41801850376
41801900071, 41801900386
41801950072, 41801950387
41801999998, 41802000319
41802050027, 41802050353
41802100052, 41802100378
41802150041, 41802150372
41802200035, 41802200366
41802250052, 41802250389
41802300053, 41802300390
41802350051, 41802350393
41802400052, 41802400394
41802450053, 41802450400
41802500055, 41802500402
41802550060, 41802550407
41802600061, 41802600408
41802650058, 41802650405
41802700060, 41802700407
41802750065, 41802750412
41802800066, 41802800413
41802850068, 41802850415
41802900069, 41802900416
41802950066, 41802950413
41803000000, 41803000347
41803050037, 41803050384
41803100030, 41803100377
41803150031, 41803150378
41803200057, 41803200404
41803250030, 41803250377
41803300035, 41803300382
41803350040, 41803350387
41803400050, 41803400397
41803450051, 41803450398
41803500052, 41803500399
41803550053, 41803550400
41803600059, 41803600406
41803650060, 41803650407
41803700065, 41803700412
41803750066, 41803750413
41803800064, 41803800411
41803850065, 41803850412
41803900066, 41803900413
41803950067, 41803950414
41803999997, 41804000344
41804050034, 41804050381
41804100023, 41804100370
41804150052, 41804150399
41804200046, 41804200393
41804250027, 41804250374
41804300032, 41804300379
41804350034, 41804350381
41804400031, 41804400378
41804450036, 41804450383
41804500042, 41804500389
41804550047, 41804550394
41804600048, 41804600395
41804650045, 41804650392
41804700047, 41804700394
41804750052, 41804750394
41804800053, 41804800395
41804850059, 41804850401
41804900060, 41804900397
41804950057, 41804950394
41804999999, 41805000330
41805050048, 41805050379
41805100041, 41805100372
41805150042, 41805150373
41805200032, 41805200363
41805250041, 41805250372
41805300046, 41805300377
41805350047, 41805350373
41805400053, 41805400379
41805450058, 41805450379
41805500059, 41805500380
41805550056, 41805550371
41805600062, 41805600377
41805650067, 41805650377
41805700044, 41805700354
41805750049, 41805750354
41805800075, 41805800380
41805850052, 41805850351
41805900053, 41805900352
41805950058, 41805950352
41806000000, 41806000294
41806050041, 41806050330
41806100054, 41806100343
41806150043, 41806150332
41806200045, 41806200334
41806250054, 41806250343
41806300059, 41806300348
41806350037, 41806350326
41806400058, 41806400347
41806450063, 41806450346
41806500041, 41806500319
41806550046, 41806550319
41806600047, 41806600314
41806650052, 41806650314
41806700050, 41806700307
41806750055, 41806750312
41806800060, 41806800311
41806850066, 41806850312
41806900067, 41806900308
41806950068, 41806950309
41806999998, 41807000239
41807050043, 41807050284
41807100036, 41807100271
41807150037, 41807150272
41807200039, 41807200274
41807250036, 41807250271
41807300037, 41807300272
41807350043, 41807350278
41807400044, 41807400279
41807450049, 41807450284
41807500051, 41807500292
41807550048, 41807550289
41807600053, 41807600299
41807650054, 41807650300
41807700060, 41807700311
41807750061, 41807750312
41807800066, 41807800323
41807850064, 41807850326
41807900069, 41807900336
41807950070, 41807950343
41808000000, 41808000278
41808050045, 41808050334
41808100038, 41808100332
41808150031, 41808150336
41808200049, 41808200364
41808250038, 41808250359
41808300043, 41808300369
41808350048, 41808350374
41808400050, 41808400381
41808450051, 41808450382
41808500052, 41808500383
41808550053, 41808550384
41808600059, 41808600390
41808650064, 41808650390
41808700061, 41808700387
41808750062, 41808750383
41808800068, 41808800389
41808850069, 41808850384
41808900070, 41808900385
41808950051, 41808950366
41809000001, 41809000316
41809050042, 41809050357
41809100031, 41809100346
41809150056, 41809150371
41809200050, 41809200365
41809250035, 41809250350
41809300060, 41809300375
41809350038, 41809350353
41809400043, 41809400358
41809450048, 41809450363
41809500050, 41809500365
41809550055, 41809550370
41809600052, 41809600367
41809650053, 41809650368
41809700059, 41809700374
41809750060, 41809750375
41809800061, 41809800376
41809850063, 41809850378
41809900064, 41809900379
41809950069, 41809950384
41809999999, 41810000314
41810050044, 41810050359
41810100037, 41810100352
41810150030, 41810150345
41810200056, 41810200371
41810250057, 41810250372
41810300034, 41810300349
41810350039, 41810350354
41810400041, 41810400356
41810450038, 41810450353
41810500043, 41810500358
41810550044, 41810550359
41810600046, 41810600361
41810650051, 41810650366
41810700052, 41810700367
41810750053, 41810750368
41810800055, 41810800370
41810850056, 41810850371
41810900061, 41810900376
41810950062, 41810950377
41811000000, 41811000315
41811050041, 41811050356
41811100034, 41811100349
41811150035, 41811150350
41811200037, 41811200352
41811250038, 41811250359
41811300035, 41811300356
41811350041, 41811350367
41811400042, 41811400368
41811450047, 41811450378
41811500053, 41811500379
41811550054, 41811550380
41811600051, 41811600377
41811650056, 41811650382
41811700062, 41811700388
41811750063, 41811750389
41811800044, 41811800370
41811850050, 41811850376
41811900047, 41811900373
41811950052, 41811950378
41811999998, 41812000324
41812050047, 41812050368
41812100036, 41812100357
41812150037, 41812150358
41812200051, 41812200372
41812250052, 41812250367
41812300053, 41812300368
41812350054, 41812350369
41812400060, 41812400375
41812450053, 41812450363
41812500058, 41812500368
41812550059, 41812550369
41812600037, 41812600347
41812650042, 41812650352
41812700043, 41812700353
41812750040, 41812750350
41812800042, 41812800352
41812850047, 41812850357
41812900048, 41812900358
41812950049, 41812950359
41812999999, 41813000309
41813050036, 41813050351
41813100049, 41813100364
41813150034, 41813150349
41813200032, 41813200347
41813250053, 41813250368
41813300058, 41813300373
41813350056, 41813350371
41813400057, 41813400372
41813450034, 41813450349
41813500036, 41813500351
41813550041, 41813550356
41813600066, 41813600381
41813650039, 41813650349
41813700045, 41813700355
41813750046, 41813750356
41813800047, 41813800357
41813850053, 41813850363
41813900050, 41813900355
41813950051, 41813950356
41814000001, 41814000306
41814050042, 41814050347
41814100031, 41814100336
41814150052, 41814150357
41814200046, 41814200351
41814250047, 41814250352
41814300052, 41814300357
41814350053, 41814350358
41814400055, 41814400354
41814450056, 41814450355
41814500053, 41814500352
41814550054, 41814550353
41814600056, 41814600350
41814650057, 41814650351
41814700058, 41814700347
41814750059, 41814750348
41814800057, 41814800346
41814850058, 41814850347
41814900059, 41814900348
41814950064, 41814950353
41814999998, 41815000287
41815050035, 41815050324
41815100052, 41815100341
41815150037, 41815150326
41815200035, 41815200324
41815250028, 41815250317
41815300033, 41815300322
41815350051, 41815350340
41815400052, 41815400341
41815450053, 41815450342
41815500055, 41815500344
41815550056, 41815550345
41815600057, 41815600346
41815650054, 41815650343
41815700056, 41815700345
41815750057, 41815750346
41815800058, 41815800347
41815850064, 41815850353
41815900065, 41815900354
41815950062, 41815950351
41816000000, 41816000283
41816050041, 41816050324
41816100034, 41816100312
41816150031, 41816150309
41816200045, 41816200318
41816250030, 41816250303
41816300031, 41816300304
41816350036, 41816350309
41816400038, 41816400311
41816450039, 41816450312
41816500036, 41816500309
41816550041, 41816550314
41816600043, 41816600316
41816650044, 41816650317
41816700049, 41816700322
41816750050, 41816750323
41816800048, 41816800321
41816850049, 41816850322
41816900050, 41816900323
41816950051, 41816950324
41817000001, 41817000274
41817050042, 41817050309
41817100027, 41817100294
41817150032, 41817150294
41817200030, 41817200292
41817250031, 41817250288
41817300032, 41817300289
41817350058, 41817350315
41817400055, 41817400306
41817450056, 41817450307
41817500058, 41817500304
41817550059, 41817550305
41817600040, 41817600281
41817650061, 41817650302
41817700063, 41817700298
41817750064, 41817750299
41817800065, 41817800295
41817850047, 41817850277
41817900052, 41817900277
41817950069, 41817950294
41817999999, 41818000218
41818050044, 41818050258
41818100037, 41818100245
41818150042, 41818150245
41818200044, 41818200247
41818250033, 41818250236
41818300034, 41818300237
41818350036, 41818350239
41818400041, 41818400244
41818450042, 41818450245
41818500044, 41818500247
41818550041, 41818550244
41818600042, 41818600250
41818650043, 41818650251
41818700049, 41818700263
41818750050, 41818750269
41818800047, 41818800272
41818850049, 41818850279
41818900050, 41818900285
41818950051, 41818950292
41819000001, 41819000247
41819050042, 41819050293
41819100027, 41819100284
41819150028, 41819150290
41819200046, 41819200313
41819250035, 41819250308
41819300036, 41819300314
41819350037, 41819350320
41819400035, 41819400318
41819450040, 41819450323
41819500041, 41819500324
41819550042, 41819550325
41819600048, 41819600331
41819650053, 41819650336
41819700050, 41819700333
41819750051, 41819750334
41819800053, 41819800336
41819850054, 41819850337
41819900055, 41819900344
41819950056, 41819950345
41820000002, 41820000296
41820050039, 41820050338
41820100032, 41820100331
41820150033, 41820150338
41820200035, 41820200340
41820250032, 41820250342
41820300033, 41820300343
41820350035, 41820350345
41820400040, 41820400355
41820450041, 41820450356
41820500043, 41820500358
41820550040, 41820550355
41820600045, 41820600366
41820650046, 41820650367
41820700048, 41820700374
41820750049, 41820750380
41820800054, 41820800385
41820850052, 41820850389
41820900053, 41820900395
41820950054, 41820950401
41821000000, 41821000347
41821050037, 41821050384
41821100054, 41821100401
41821150031, 41821150378
41821200029, 41821200376
41821250050, 41821250397
41821300051, 41821300398
41821350032, 41821350379
41821400054, 41821400401
41821450055, 41821450402
41821500036, 41821500383
41821550037, 41821550384
41821600043, 41821600390
41821650044, 41821650391
41821700041, 41821700388
41821750046, 41821750399
41821800048, 41821800401
41821850053, 41821850411
41821900054, 41821900412
41821950055, 41821950419
41822000001, 41822000365
41822050038, 41822050402
41822100031, 41822100400
41822150032, 41822150401
41822200034, 41822200408
41822250035, 41822250409
41822300036, 41822300416
41822350038, 41822350418
41822400039, 41822400424
41822450040, 41822450425
41822500042, 41822500432
41822550047, 41822550443
41822600044, 41822600445
41822650045, 41822650451
41822700047, 41822700459
41822750052, 41822750464
41822800053, 41822800470
41822850051, 41822850468
41822900052, 41822900474
41822950053, 41822950475
41822999999, 41823000427
41823050036, 41823050464
41823100029, 41823100462
41823150050, 41823150488
41823200048, 41823200486
41823250049, 41823250493
41823300030, 41823300479
41823350031, 41823350485
41823400033, 41823400487
41823450054, 41823450514
41823500035, 41823500495
41823550036, 41823550501
41823600042, 41823600507
41823650043, 41823650508
41823700044, 41823700509
41823750041, 41823750511
41823800047, 41823800517
41823850048, 41823850518
41823900053, 41823900523
41823950054, 41823950524
41824000000, 41824000470
41824050041, 41824050511
41824100030, 41824100500
41824150043, 41824150513
41824200045, 41824200515
41824250038, 41824250508
41824300035, 41824300505
41824350041, 41824350511
41824400042, 41824400512
41824450047, 41824450517
41824500049, 41824500519
41824550050, 41824550520
41824600047, 41824600517
41824650048, 41824650513
41824700054, 41824700514
41824750055, 41824750515
41824800060, 41824800520
41824850062, 41824850516
41824900059, 41824900513
41824950060, 41824950514
41824999998, 41825000452
41825050039, 41825050493
41825100032, 41825100486
41825150025, 41825150479
41825200027, 41825200481
41825250032, 41825250486
41825300037, 41825300491
41825350038, 41825350492
41825400044, 41825400504
41825450041, 41825450506
41825500046, 41825500516
41825550047, 41825550523
41825600053, 41825600534
41825650054, 41825650540
41825700059, 41825700545
41825750056, 41825750542
41825800062, 41825800548
41825850043, 41825850529
41825900044, 41825900530
41825950049, 41825950535
41825999999, 41826000485
41826050036, 41826050522
41826100029, 41826100515
41826150030, 41826150516
41826200032, 41826200518
41826250033, 41826250519
41826300058, 41826300544
41826350032, 41826350518
41826400037, 41826400523
41826450038, 41826450524
41826500044, 41826500530
41826550045, 41826550531
41826600042, 41826600528
41826650043, 41826650529
41826700049, 41826700535
41826750050, 41826750536
41826800055, 41826800547
41826850057, 41826850554
41826900054, 41826900557
41826950059, 41826950562
41826999997, 41827000505
41827050034, 41827050547
41827100027, 41827100546
41827150028, 41827150547
41827200050, 41827200569
41827250047, 41827250571
41827300028, 41827300552
41827350029, 41827350553
41827400035, 41827400559
41827450036, 41827450560
41827500033, 41827500557
41827550038, 41827550562
41827600040, 41827600564
41827650045, 41827650569
41827700046, 41827700570
41827750047, 41827750571
41827800045, 41827800569
41827850050, 41827850574
41827900051, 41827900575
41827950056, 41827950580
41827999994, 41828000518
41828050023, 41828050547
41828100044, 41828100568
41828150021, 41828150545
41828200027, 41828200551
41828250024, 41828250548
41828300029, 41828300553
41828350027, 41828350551
41828400032, 41828400556
41828450033, 41828450557
41828500035, 41828500559
41828550036, 41828550560
41828600041, 41828600560
41828650038, 41828650557
41828700040, 41828700553
41828750045, 41828750553
41828800046, 41828800549
41828850052, 41828850555
41828900053, 41828900556
41828950050, 41828950553
41829000000, 41829000503
41829050041, 41829050544
41829100034, 41829100537
41829150031, 41829150528
41829200045, 41829200542
41829250034, 41829250531
41829300035, 41829300532
41829350037, 41829350534
41829400042, 41829400534
41829450043, 41829450535
41829500041, 41829500533
41829550046, 41829550532
41829600047, 41829600533
41829650052, 41829650533
41829700054, 41829700530
41829750055, 41829750525
41829800052, 41829800522
41829850058, 41829850523
41829900059, 41829900519
41829950064, 41829950518
41829999998, 41830000447
41830050035, 41830050484
41830100048, 41830100492
41830150037, 41830150475
41830200027, 41830200460
41830250040, 41830250468
41830300033, 41830300461
41830350054, 41830350476
41830400040, 41830400457
41830450033, 41830450445
41830500050, 41830500456
41830550043, 41830550444
41830600057, 41830600453
41830650046, 41830650436
41830700039, 41830700424
41830750056, 41830750436
41830800050, 41830800424
41830850047, 41830850416
41830900064, 41830900428
41830950049, 41830950407
41830999999, 41831000352
41831050028, 41831050375
41831100033, 41831100375
41831150030, 41831150367
41831200044, 41831200375
41831250049, 41831250380
41831300042, 41831300373
41831350040, 41831350366
41831400033, 41831400359
41831450050, 41831450376
41831500044, 41831500370
41831550057, 41831550383
41831600050, 41831600376
41831650047, 41831650368
41831700041, 41831700362
41831750058, 41831750373
41831800047, 41831800362
41831850065, 41831850375
41831900062, 41831900372
41831950055, 41831950360
41832000001, 41832000306
41832050026, 41832050325
41832100047, 41832100346
41832150044, 41832150338
41832200034, 41832200328
41832250047, 41832250336
41832300044, 41832300333
41832350037, 41832350326
41832400051, 41832400340
41832450048, 41832450337
41832500041, 41832500324
41832550054, 41832550337
41832600048, 41832600326
41832650061, 41832650339
41832700050, 41832700328
41832750063, 41832750341
41832800057, 41832800335
41832850050, 41832850328
41832900067, 41832900345
41832950060, 41832950338
41832999998, 41833000276
41833050043, 41833050321
41833100024, 41833100302
41833150053, 41833150331
41833200039, 41833200317
41833250036, 41833250314
41833300029, 41833300307
41833350047, 41833350325
41833400040, 41833400318
41833450033, 41833450311
41833500051, 41833500329
41833550036, 41833550314
41833600057, 41833600340
41833650050, 41833650333
41833700044, 41833700327
41833750061, 41833750344
41833800054, 41833800337
41833850064, 41833850353
41833900057, 41833900346
41833950050, 41833950339
41834000000, 41834000289
41834050029, 41834050318
41834100034, 41834100328
41834150039, 41834150333
41834200041, 41834200335
41834250046, 41834250340
41834300039, 41834300333
41834350032, 41834350326
41834400046, 41834400340
41834450039, 41834450333
41834500056, 41834500345
41834550049, 41834550338
41834600043, 41834600332
41834650060, 41834650349
41834700045, 41834700334
41834750062, 41834750351
41834800056, 41834800345
41834850049, 41834850338
41834900046, 41834900335
41834950063, 41834950352
41835000001, 41835000290
41835050050, 41835050339
41835100027, 41835100316
41835150036, 41835150325
41835200042, 41835200331
41835250043, 41835250332
41835300032, 41835300321
41835350046, 41835350335
41835400039, 41835400328
41835450056, 41835450345
41835500046, 41835500335
41835550063, 41835550352
41835600052, 41835600341
41835650045, 41835650334
41835700059, 41835700348
41835750052, 41835750341
41835800045, 41835800334
41835850055, 41835850344
41835900048, 41835900337
41835950061, 41835950350
41835999999, 41836000288
41836050024, 41836050313
41836100025, 41836100314
41836150030, 41836150319
41836200040, 41836200329
41836250041, 41836250330
41836300034, 41836300323
41836350051, 41836350340
41836400041, 41836400330
41836450050, 41836450339
41836500043, 41836500332
41836550036, 41836550325
41836600054, 41836600343
41836650047, 41836650336
41836700064, 41836700353
41836750049, 41836750338
41836800043, 41836800332
41836850056, 41836850345
41836900049, 41836900338
41836950066, 41836950360
41837000000, 41837000294
41837050025, 41837050319
41837100030, 41837100329
41837150043, 41837150342
41837200037, 41837200336
41837250050, 41837250349
41837300039, 41837300338
41837350053, 41837350352
41837400046, 41837400345
41837450039, 41837450344
41837500057, 41837500362
41837550050, 41837550355
41837600059, 41837600364
41837650052, 41837650357
41837700046, 41837700351
41837750063, 41837750368
41837800052, 41837800357
41837850046, 41837850351
41837900055, 41837900360
41837950048, 41837950353
41838000002, 41838000307
41838050047, 41838050352
41838100028, 41838100333
41838150033, 41838150332
41838200031, 41838200330
41838250040, 41838250339
41838300033, 41838300338
41838350050, 41838350360
41838400044, 41838400359
41838450053, 41838450374
41838500046, 41838500367
41838550039, 41838550365
41838600057, 41838600383
41838650050, 41838650376
41838700063, 41838700389
41838750052, 41838750378
41838800066, 41838800392
41838850059, 41838850385
41838900052, 41838900378
41838950065, 41838950391
41839000007, 41839000333
41839050052, 41839050378
41839100053, 41839100379
41839150038, 41839150359
41839200044, 41839200365
41839250049, 41839250364
41839300042, 41839300357
41839350052, 41839350362
41839400045, 41839400350
41839450062, 41839450361
41839500056, 41839500350
41839550049, 41839550343
41839600062, 41839600356
41839650055, 41839650349
41839700049, 41839700343
41839750066, 41839750360
41839800059, 41839800353
41839850053, 41839850347
41839900062, 41839900356
41839950055, 41839950349
41840000001, 41840000295
41840050050, 41840050344
41840100027, 41840100321
41840150040, 41840150334
41840200030, 41840200329
41840250043, 41840250348
41840300036, 41840300346
41840350054, 41840350369
41840400047, 41840400368
41840450040, 41840450366
41840500054, 41840500385
41840550043, 41840550380
41840600060, 41840600402
41840650053, 41840650400
41840700047, 41840700394
41840750064, 41840750417
41840800049, 41840800407
41840850067, 41840850431
41840900064, 41840900433
41840950057, 41840950431
41840999999, 41841000379
41841050024, 41841050404
41841100029, 41841100409
41841150038, 41841150418
41841200044, 41841200424
41841250049, 41841250423
41841300046, 41841300415
41841350031, 41841350400
41841400053, 41841400417
41841450046, 41841450404
41841500043, 41841500401
41841550040, 41841550393
41841600058, 41841600411
41841650043, 41841650396
41841700060, 41841700413
41841750057, 41841750410
41841800051, 41841800404
41841850044, 41841850397
41841900061, 41841900414
41841950050, 41841950403
41842000000, 41842000353
41842050025, 41842050378
41842100034, 41842100387
41842150047, 41842150400
41842200037, 41842200390
41842250046, 41842250399
41842300039, 41842300392
41842350037, 41842350390
41842400054, 41842400412
41842450047, 41842450411
41842500057, 41842500426
41842550050, 41842550424
41842600047, 41842600427
41842650040, 41842650425
41842700058, 41842700454
41842750055, 41842750456
41842800064, 41842800476
41842850058, 41842850475
41842900051, 41842900479
41842950064, 41842950502
41843000002, 41843000451
41843050051, 41843050511
41843100048, 41843100518
41843150037, 41843150518
41843200039, 41843200536
41843250048, 41843250556
41843300037, 41843300556
41843350050, 41843350579
41843400044, 41843400579
41843450037, 41843450577
41843500054, 41843500599
41843550047, 41843550598
41843600045, 41843600601
41843650054, 41843650615
41843700047, 41843700614
41843750044, 41843750616
41843800062, 41843800639
41843850055, 41843850638
41843900048, 41843900636
41843950061, 41843950654
41843999999, 41844000603
41844050024, 41844050633
41844100029, 41844100644
41844150042, 41844150662
41844200048, 41844200673
41844250045, 41844250676
41844300042, 41844300678
41844350036, 41844350678
41844400053, 41844400700
41844450046, 41844450688
41844500044, 41844500686
41844550053, 41844550695
41844600050, 41844600686
41844650043, 41844650674
41844700041, 41844700661
41844750058, 41844750667
41844800047, 41844800646
41844850065, 41844850653
41844900058, 41844900635
41844950051, 41844950618
41845000001, 41845000557
41845050026, 41845050571
41845100027, 41845100562
41845150052, 41845150576
41845200042, 41845200561
41845250047, 41845250560
41845300044, 41845300552
41845350033, 41845350536
41845400047, 41845400550
41845450036, 41845450539
41845500053, 41845500550
41845550046, 41845550538
41845600040, 41845600526
41845650057, 41845650538
41845700046, 41845700522
41845750063, 41845750533
41845800057, 41845800522
41845850050, 41845850510
41845900067, 41845900521
41845950052, 41845950496
41846000002, 41846000440
41846050027, 41846050455
41846100032, 41846100454
41846150053, 41846150465
41846200043, 41846200449
41846250044, 41846250445
41846300041, 41846300437
41846350055, 41846350445
41846400052, 41846400437
41846450045, 41846450425
41846500039, 41846500413
41846550048, 41846550417
41846600041, 41846600405
41846650058, 41846650422
41846700052, 41846700410
41846750045, 41846750403
41846800062, 41846800415
41846850052, 41846850405
41846900065, 41846900418
41846950058, 41846950411
41847000000, 41847000353
41847050025, 41847050378
41847100026, 41847100379
41847150035, 41847150388
41847200029, 41847200382
41847250050, 41847250403
41847300043, 41847300396
41847350036, 41847350394
41847400050, 41847400408
41847450043, 41847450407
41847500036, 41847500400
41847550053, 41847550422
41847600051, 41847600420
41847650044, 41847650418
41847700057, 41847700431
41847750050, 41847750430
41847800048, 41847800428
41847850065, 41847850450
41847900062, 41847900452
41847950055, 41847950445
41848000001, 41848000397
41848050026, 41848050427
41848100031, 41848100437
41848150032, 41848150438
41848200046, 41848200458
41848250051, 41848250463
41848300040, 41848300457
41848350034, 41848350456
41848400051, 41848400473
41848450044, 41848450466
41848500042, 41848500464
41848550051, 41848550473
41848600044, 41848600466
41848650061, 41848650483
41848700055, 41848700477
41848750048, 41848750476
41848800045, 41848800473
41848850055, 41848850483
41848900052, 41848900480
41848950065, 41848950493
41848999999, 41849000427
41849050028, 41849050456
41849100033, 41849100461
41849150038, 41849150466
41849200048, 41849200476
